{"autoClear":true,"clearColor":[0,0,0],"ambientColor":[0,0,0],"gravity":[0,-9.81,0],
"module":"",
"materials":[{"name":"Character.Material.001","id":"Character.Material.001","ambient":[0.8,0.2553,0.0304],"diffuse":[0.387,0.1235,0.0147],"specular":[0,0,0],"emissive":[0,0,0],"specularPower":50,"alpha":1,"backFaceCulling":true},{"name":"Character.Material.002","id":"Character.Material.002","ambient":[0.8,0.8,0.8],"diffuse":[0.64,0.64,0.64],"specular":[0.5,0.5,0.5],"emissive":[0,0,0],"specularPower":50,"alpha":1,"backFaceCulling":true}],
"multiMaterials":[{"name":"Character.Multimaterial#0","id":"Character.Multimaterial#0","materials":["Character.Material.001","Character.Material.002"]}],
"skeletons":[{"name":"Armature","id":0,"bones":[
{"name":"Bone","index":0,"matrix":[1,0,0,0,0,1,0,0,0,0,-1,0,0,0.1521,0,1],"parentBoneIndex":-1,"animation":{"dataType":3,"framePerSecond":24,"keys":[{"frame":0,"values":[1,0,0,0,0,1,0,0,0,0,-1,0,0,0.1521,0,1]},{"frame":101,"values":[1,0,0,0,0,0.9861,-0.1664,0,0,-0.1664,-0.9861,0,0,0.1521,0,1]},{"frame":102,"values":[1,0,0,0,0,0.8625,-0.506,0,0,-0.506,-0.8625,0,0,0.1521,0,1]},{"frame":103,"values":[1,0,0,0,0,0.7663,-0.6425,0,0,-0.6425,-0.7663,0,0,0.1521,0,1]},{"frame":104,"values":[1,0,0,0,0,0.8768,-0.4809,0,0,-0.4809,-0.8768,0,0,0.1521,0,1]},{"frame":105,"values":[1,0,0,0,0,0.9973,-0.0729,0,0,-0.0729,-0.9973,0,0,0.1521,0,1]},{"frame":106,"values":[1,0,0,0,0,0.9924,0.1228,0,0,0.1228,-0.9924,0,0,0.1521,0,1]},{"frame":109,"values":[1,0,0,0,0,0.9944,0.1059,0,0,0.1059,-0.9944,0,0,0.1521,0,1]},{"frame":110,"values":[1,0,0,0,0,0.9981,0.0615,0,0,0.0615,-0.9981,0,0,0.1521,0,1]},{"frame":111,"values":[1,0,0,0,0,0.9999,0.017,0,0,0.017,-0.9999,0,0,0.1521,0,1]},{"frame":112,"values":[1,0,0,0,0,1,0,0,0,0,-1,0,0,0.1521,0,1]},{"frame":115,"values":[1,0,0,0,0,1,0,0,0,0,-1,0,0,0.1521,0,1]}],"loopBehavior":1,"name":"anim","property":"_matrix"}},
{"name":"Bone.001","index":1,"matrix":[0,0,-1,0,-0.0227,0.9997,0,0,0.9997,0.0227,0,0,0,0.6958,0,1],"parentBoneIndex":0,"animation":{"dataType":3,"framePerSecond":24,"keys":[{"frame":0,"values":[0,0,-1,0,-0.0227,0.9997,0,0,0.9997,0.0227,0,0,0,0.6958,0,1]},{"frame":101,"values":[0,0,-1,0,-0.0227,0.9997,0,0,0.9997,0.0227,0,0,0,0.6958,0,1]},{"frame":102,"values":[0,0,-1,0,-0.0227,0.9997,0,0,0.9997,0.0227,0,0,0,0.6958,0,1]},{"frame":103,"values":[0,0,-1,0,-0.0227,0.9997,0,0,0.9997,0.0227,0,0,0,0.6958,0,1]},{"frame":104,"values":[0,0,-1,0,-0.0227,0.9997,0,0,0.9997,0.0227,0,0,0,0.6958,0,1]},{"frame":105,"values":[0,0,-1,0,-0.0227,0.9997,0,0,0.9997,0.0227,0,0,0,0.6958,0,1]},{"frame":106,"values":[0,0,-1,0,-0.0227,0.9997,0,0,0.9997,0.0227,0,0,0,0.6958,0,1]},{"frame":109,"values":[0,0,-1,0,-0.0227,0.9997,0,0,0.9997,0.0227,0,0,0,0.6958,0,1]},{"frame":110,"values":[0,0,-1,0,-0.0227,0.9997,0,0,0.9997,0.0227,0,0,0,0.6958,0,1]},{"frame":111,"values":[0,0,-1,0,-0.0227,0.9997,0,0,0.9997,0.0227,0,0,0,0.6958,0,1]},{"frame":112,"values":[0,0,-1,0,-0.0227,0.9997,0,0,0.9997,0.0227,0,0,0,0.6958,0,1]},{"frame":115,"values":[0,0,-1,0,-0.0227,0.9997,0,0,0.9997,0.0227,0,0,0,0.6958,0,1]}],"loopBehavior":1,"name":"anim","property":"_matrix"}},
{"name":"Bone.002","index":2,"matrix":[0.9986,0.0232,0.0478,0,0.0468,0.041,-0.9981,0,-0.0251,0.9989,0.0398,0,-0.0004,0.5604,-0.1588,1],"parentBoneIndex":1,"animation":{"dataType":3,"framePerSecond":24,"keys":[{"frame":0,"values":[0.9986,0.0232,0.0478,0,0.0468,0.041,-0.9981,0,-0.0251,0.9989,0.0398,0,-0.0004,0.5604,-0.1588,1]},{"frame":3,"values":[0.9986,0.0208,0.0481,0,0.0471,0.0463,-0.9978,0,-0.023,0.9987,0.0452,0,-0.0002,0.5616,-0.1585,1]},{"frame":4,"values":[0.9987,0.0136,0.049,0,0.048,0.0621,-0.9969,0,-0.0166,0.998,0.0613,0,0.0002,0.5651,-0.1576,1]},{"frame":5,"values":[0.9987,0.0021,0.0501,0,0.0497,0.0869,-0.995,0,-0.0064,0.9962,0.0867,0,0.001,0.5706,-0.1562,1]},{"frame":6,"values":[0.9986,-0.0119,0.051,0,0.0521,0.1171,-0.9918,0,0.0058,0.9931,0.1175,0,0.0019,0.5773,-0.1546,1]},{"frame":7,"values":[0.9983,-0.0259,0.0516,0,0.0548,0.1471,-0.9876,0,0.018,0.9888,0.1483,0,0.0028,0.584,-0.1529,1]},{"frame":8,"values":[0.998,-0.0374,0.0517,0,0.0574,0.1716,-0.9835,0,0.0279,0.9845,0.1734,0,0.0035,0.5895,-0.1516,1]},{"frame":9,"values":[0.9977,-0.0447,0.0516,0,0.0591,0.1871,-0.9806,0,0.0342,0.9813,0.1893,0,0.004,0.593,-0.1507,1]},{"frame":10,"values":[0.9976,-0.0471,0.0516,0,0.0597,0.1922,-0.9795,0,0.0363,0.9802,0.1946,0,0.0042,0.5942,-0.1504,1]},{"frame":21,"values":[0.9973,-0.0482,0.0554,0,0.0636,0.1904,-0.9796,0,0.0367,0.9805,0.1929,0,0.0051,0.5938,-0.1504,1]},{"frame":22,"values":[0.9964,-0.0513,0.0671,0,0.0755,0.1847,-0.9799,0,0.0378,0.9815,0.1879,0,0.0078,0.5924,-0.1503,1]},{"frame":23,"values":[0.9947,-0.0561,0.086,0,0.0946,0.1751,-0.98,0,0.0399,0.9829,0.1795,0,0.0121,0.5902,-0.1502,1]},{"frame":24,"values":[0.9919,-0.0621,0.1109,0,0.1196,0.162,-0.9795,0,0.0429,0.9848,0.1681,0,0.0178,0.5872,-0.1501,1]},{"frame":25,"values":[0.9879,-0.0685,0.1391,0,0.1478,0.1462,-0.9781,0,0.0466,0.9869,0.1546,0,0.0243,0.5837,-0.15,1]},{"frame":26,"values":[0.9831,-0.0743,0.1672,0,0.1758,0.1292,-0.9759,0,0.0509,0.9888,0.1401,0,0.0307,0.5799,-0.15,1]},{"frame":27,"values":[0.9782,-0.0789,0.1921,0,0.2003,0.1126,-0.9733,0,0.0552,0.9905,0.1259,0,0.0364,0.5763,-0.15,1]},{"frame":28,"values":[0.974,-0.0819,0.2112,0,0.2188,0.0976,-0.9709,0,0.0589,0.9918,0.113,0,0.0408,0.573,-0.1502,1]},{"frame":29,"values":[0.9712,-0.0832,0.2231,0,0.23,0.0853,-0.9694,0,0.0617,0.9929,0.102,0,0.0435,0.5703,-0.1504,1]},{"frame":30,"values":[0.9703,-0.0831,0.2273,0,0.2336,0.0762,-0.9693,0,0.0632,0.9936,0.0933,0,0.0443,0.5682,-0.1508,1]},{"frame":31,"values":[0.9713,-0.08,0.2239,0,0.2295,0.0694,-0.9708,0,0.0621,0.9944,0.0858,0,0.0434,0.5667,-0.1513,1]},{"frame":32,"values":[0.9744,-0.0724,0.213,0,0.2177,0.0642,-0.9739,0,0.0568,0.9953,0.0783,0,0.0405,0.5654,-0.152,1]},{"frame":33,"values":[0.979,-0.0606,0.1948,0,0.1984,0.0604,-0.9783,0,0.0475,0.9963,0.0711,0,0.0359,0.5643,-0.1528,1]},{"frame":34,"values":[0.9843,-0.0455,0.1706,0,0.1731,0.0576,-0.9832,0,0.0349,0.9973,0.0646,0,0.0297,0.5635,-0.1538,1]},{"frame":35,"values":[0.9894,-0.0286,0.1426,0,0.144,0.0554,-0.988,0,0.0204,0.9981,0.0589,0,0.0227,0.5629,-0.1549,1]},{"frame":36,"values":[0.9934,-0.0118,0.114,0,0.1145,0.0532,-0.992,0,0.0056,0.9985,0.0542,0,0.0156,0.5625,-0.1559,1]},{"frame":37,"values":[0.9961,0.003,0.0882,0,0.088,0.0508,-0.9948,0,-0.0074,0.9987,0.0503,0,0.0093,0.5621,-0.1568,1]},{"frame":38,"values":[0.9976,0.0142,0.0677,0,0.067,0.0479,-0.9966,0,-0.0174,0.9988,0.0468,0,0.0043,0.5616,-0.1577,1]},{"frame":39,"values":[0.9983,0.021,0.054,0,0.0531,0.0446,-0.9976,0,-0.0234,0.9988,0.0434,0,0.001,0.5611,-0.1583,1]},{"frame":40,"values":[0.9986,0.0232,0.0478,0,0.0468,0.041,-0.9981,0,-0.0251,0.9989,0.0398,0,-0.0004,0.5604,-0.1588,1]},{"frame":41,"values":[0.9987,0.0232,0.0453,0,0.0444,0.0372,-0.9983,0,-0.0248,0.999,0.0361,0,-0.0009,0.5597,-0.1591,1]},{"frame":42,"values":[0.9988,0.0231,0.043,0,0.0422,0.0334,-0.9986,0,-0.0245,0.9992,0.0324,0,-0.0014,0.5589,-0.1594,1]},{"frame":43,"values":[0.9989,0.0229,0.0408,0,0.0401,0.0297,-0.9988,0,-0.0241,0.9993,0.0287,0,-0.0018,0.5582,-0.1597,1]},{"frame":44,"values":[0.999,0.0228,0.0387,0,0.0381,0.0259,-0.9989,0,-0.0238,0.9994,0.025,0,-0.0022,0.5574,-0.16,1]},{"frame":45,"values":[0.9991,0.0226,0.0367,0,0.0362,0.0222,-0.9991,0,-0.0234,0.9995,0.0214,0,-0.0026,0.5566,-0.1603,1]},{"frame":46,"values":[0.9991,0.0224,0.0348,0,0.0344,0.0186,-0.9992,0,-0.023,0.9996,0.0178,0,-0.003,0.5559,-0.1605,1]},{"frame":47,"values":[0.9992,0.0222,0.033,0,0.0327,0.0149,-0.9994,0,-0.0227,0.9996,0.0142,0,-0.0033,0.5551,-0.1608,1]},{"frame":48,"values":[0.9993,0.0219,0.0313,0,0.031,0.0113,-0.9995,0,-0.0223,0.9997,0.0106,0,-0.0037,0.5543,-0.161,1]},{"frame":49,"values":[0.9993,0.0217,0.0296,0,0.0295,0.0076,-0.9995,0,-0.0219,0.9997,0.007,0,-0.004,0.5536,-0.1612,1]},{"frame":50,"values":[0.9994,0.0214,0.0281,0,0.028,0.004,-0.9996,0,-0.0215,0.9998,0.0034,0,-0.0043,0.5528,-0.1614,1]},{"frame":51,"values":[0.9994,0.0211,0.0266,0,0.0266,0.0005,-0.9996,0,-0.0211,0.9998,-0.0001,0,-0.0046,0.552,-0.1615,1]},{"frame":52,"values":[0.9995,0.0208,0.0252,0,0.0252,-0.0031,-0.9997,0,-0.0207,0.9998,-0.0036,0,-0.0049,0.5513,-0.1617,1]},{"frame":53,"values":[0.9995,0.0204,0.0238,0,0.0239,-0.0067,-0.9997,0,-0.0203,0.9998,-0.0071,0,-0.0052,0.5505,-0.1618,1]},{"frame":54,"values":[0.9995,0.0201,0.0225,0,0.0227,-0.0102,-0.9997,0,-0.0199,0.9997,-0.0106,0,-0.0055,0.5497,-0.162,1]},{"frame":55,"values":[0.9996,0.0197,0.0212,0,0.0215,-0.0137,-0.9997,0,-0.0194,0.9997,-0.0141,0,-0.0057,0.5489,-0.1621,1]},{"frame":56,"values":[0.9996,0.0194,0.02,0,0.0204,-0.0172,-0.9996,0,-0.019,0.9997,-0.0176,0,-0.006,0.5482,-0.1622,1]},{"frame":57,"values":[0.9996,0.019,0.0189,0,0.0193,-0.0207,-0.9996,0,-0.0186,0.9996,-0.0211,0,-0.0062,0.5474,-0.1623,1]},{"frame":58,"values":[0.9997,0.0186,0.0178,0,0.0182,-0.0242,-0.9995,0,-0.0182,0.9995,-0.0245,0,-0.0064,0.5466,-0.1624,1]},{"frame":59,"values":[0.9997,0.0182,0.0167,0,0.0172,-0.0276,-0.9995,0,-0.0178,0.9995,-0.0279,0,-0.0066,0.5458,-0.1625,1]},{"frame":60,"values":[0.9997,0.0178,0.0157,0,0.0163,-0.0311,-0.9994,0,-0.0173,0.9994,-0.0314,0,-0.0068,0.5451,-0.1626,1]},{"frame":61,"values":[0.9997,0.0174,0.0148,0,0.0153,-0.0345,-0.9993,0,-0.0169,0.9993,-0.0348,0,-0.007,0.5443,-0.1626,1]},{"frame":62,"values":[0.9998,0.017,0.0138,0,0.0145,-0.0379,-0.9992,0,-0.0164,0.9991,-0.0382,0,-0.0072,0.5435,-0.1627,1]},{"frame":63,"values":[0.9998,0.0166,0.0129,0,0.0136,-0.0413,-0.9991,0,-0.016,0.999,-0.0415,0,-0.0074,0.5428,-0.1627,1]},{"frame":64,"values":[0.9998,0.0161,0.0121,0,0.0128,-0.0447,-0.9989,0,-0.0156,0.9989,-0.0449,0,-0.0076,0.542,-0.1628,1]},{"frame":65,"values":[0.9998,0.0157,0.0113,0,0.012,-0.0481,-0.9988,0,-0.0151,0.9987,-0.0483,0,-0.0077,0.5412,-0.1628,1]},{"frame":66,"values":[0.9998,0.0152,0.0105,0,0.0113,-0.0514,-0.9986,0,-0.0147,0.9986,-0.0516,0,-0.0079,0.5404,-0.1629,1]},{"frame":67,"values":[0.9998,0.0148,0.0098,0,0.0106,-0.0548,-0.9984,0,-0.0142,0.9984,-0.0549,0,-0.0081,0.5397,-0.1629,1]},{"frame":68,"values":[0.9999,0.0143,0.0091,0,0.0099,-0.0581,-0.9983,0,-0.0138,0.9982,-0.0582,0,-0.0082,0.5389,-0.1629,1]},{"frame":69,"values":[0.9999,0.0139,0.0084,0,0.0092,-0.0614,-0.9981,0,-0.0133,0.998,-0.0615,0,-0.0083,0.5381,-0.163,1]},{"frame":70,"values":[0.9999,0.0134,0.0077,0,0.0086,-0.0647,-0.9979,0,-0.0129,0.9978,-0.0648,0,-0.0085,0.5374,-0.163,1]},{"frame":71,"values":[0.9999,0.0129,0.0071,0,0.008,-0.068,-0.9977,0,-0.0124,0.9976,-0.0681,0,-0.0086,0.5366,-0.163,1]},{"frame":72,"values":[0.9999,0.0125,0.0065,0,0.0074,-0.0712,-0.9974,0,-0.012,0.9974,-0.0713,0,-0.0087,0.5358,-0.163,1]},{"frame":73,"values":[0.9999,0.012,0.006,0,0.0069,-0.0745,-0.9972,0,-0.0115,0.9972,-0.0746,0,-0.0089,0.5351,-0.163,1]},{"frame":74,"values":[0.9999,0.0115,0.0055,0,0.0063,-0.0777,-0.997,0,-0.011,0.9969,-0.0778,0,-0.009,0.5343,-0.163,1]},{"frame":75,"values":[0.9999,0.011,0.005,0,0.0058,-0.0809,-0.9967,0,-0.0106,0.9967,-0.081,0,-0.0091,0.5336,-0.163,1]},{"frame":76,"values":[0.9999,0.0105,0.0045,0,0.0054,-0.0841,-0.9964,0,-0.0101,0.9964,-0.0842,0,-0.0092,0.5328,-0.1629,1]},{"frame":77,"values":[0.9999,0.01,0.004,0,0.0049,-0.0873,-0.9962,0,-0.0096,0.9961,-0.0873,0,-0.0093,0.532,-0.1629,1]},{"frame":78,"values":[0.9999,0.0096,0.0036,0,0.0045,-0.0904,-0.9959,0,-0.0092,0.9959,-0.0905,0,-0.0094,0.5313,-0.1629,1]},{"frame":79,"values":[1,0.0091,0.0032,0,0.0041,-0.0936,-0.9956,0,-0.0087,0.9956,-0.0936,0,-0.0095,0.5306,-0.1629,1]},{"frame":80,"values":[1,0.0086,0.0029,0,0.0037,-0.0967,-0.9953,0,-0.0083,0.9953,-0.0967,0,-0.0095,0.5298,-0.1628,1]},{"frame":81,"values":[1,0.0081,0.0025,0,0.0033,-0.0997,-0.995,0,-0.0078,0.995,-0.0998,0,-0.0096,0.5291,-0.1628,1]},{"frame":82,"values":[1,0.0076,0.0022,0,0.003,-0.1028,-0.9947,0,-0.0073,0.9947,-0.1028,0,-0.0097,0.5283,-0.1628,1]},{"frame":83,"values":[1,0.0071,0.0019,0,0.0026,-0.1058,-0.9944,0,-0.0069,0.9944,-0.1058,0,-0.0098,0.5276,-0.1627,1]},{"frame":84,"values":[1,0.0066,0.0016,0,0.0023,-0.1088,-0.9941,0,-0.0064,0.994,-0.1088,0,-0.0098,0.5269,-0.1627,1]},{"frame":85,"values":[1,0.0061,0.0014,0,0.002,-0.1118,-0.9937,0,-0.0059,0.9937,-0.1118,0,-0.0099,0.5262,-0.1626,1]},{"frame":86,"values":[1,0.0056,0.0011,0,0.0018,-0.1147,-0.9934,0,-0.0055,0.9934,-0.1148,0,-0.01,0.5255,-0.1626,1]},{"frame":87,"values":[1,0.0051,0.0009,0,0.0015,-0.1177,-0.9931,0,-0.005,0.993,-0.1177,0,-0.01,0.5247,-0.1625,1]},{"frame":88,"values":[1,0.0047,0.0007,0,0.0013,-0.1205,-0.9927,0,-0.0045,0.9927,-0.1205,0,-0.0101,0.524,-0.1625,1]},{"frame":89,"values":[1,0.0042,0.0006,0,0.0011,-0.1233,-0.9924,0,-0.0041,0.9924,-0.1233,0,-0.0101,0.5234,-0.1624,1]},{"frame":90,"values":[1,0.0037,0.0004,0,0.0009,-0.1261,-0.992,0,-0.0036,0.992,-0.1261,0,-0.0101,0.5227,-0.1623,1]},{"frame":91,"values":[1,0.0033,0.0003,0,0.0007,-0.1288,-0.9917,0,-0.0032,0.9917,-0.1288,0,-0.0102,0.522,-0.1623,1]},{"frame":92,"values":[1,0.0028,0.0002,0,0.0006,-0.1315,-0.9913,0,-0.0027,0.9913,-0.1315,0,-0.0102,0.5214,-0.1622,1]},{"frame":93,"values":[1,0.0023,0.0001,0,0.0004,-0.1341,-0.991,0,-0.0023,0.991,-0.1341,0,-0.0102,0.5207,-0.1621,1]},{"frame":94,"values":[1,0.0019,0.0001,0,0.0003,-0.1366,-0.9906,0,-0.0019,0.9906,-0.1366,0,-0.0103,0.5201,-0.1621,1]},{"frame":95,"values":[1,0.0015,0,0,0.0002,-0.139,-0.9903,0,-0.0015,0.9903,-0.139,0,-0.0103,0.5195,-0.162,1]},{"frame":96,"values":[1,0.0011,0,0,0.0001,-0.1413,-0.99,0,-0.0011,0.99,-0.1413,0,-0.0103,0.5189,-0.1619,1]},{"frame":97,"values":[1,0.0007,0,0,0.0001,-0.1434,-0.9897,0,-0.0007,0.9897,-0.1434,0,-0.0103,0.5184,-0.1619,1]},{"frame":98,"values":[1,0.0004,0,0,0,-0.1453,-0.9894,0,-0.0004,0.9894,-0.1453,0,-0.0103,0.5179,-0.1618,1]},{"frame":99,"values":[1,0.0001,0,0,0,-0.1468,-0.9892,0,-0.0001,0.9892,-0.1468,0,-0.0103,0.5176,-0.1618,1]},{"frame":100,"values":[1,0,0,0,0,-0.1475,-0.9891,0,0,0.9891,-0.1475,0,-0.0103,0.5174,-0.1617,1]},{"frame":101,"values":[1,0,0,0,0,-0.1475,-0.9891,0,0,0.9891,-0.1475,0,-0.0103,0.5174,-0.1617,1]},{"frame":102,"values":[1,0,0,0,0,-0.1475,-0.9891,0,0,0.9891,-0.1475,0,-0.0103,0.5174,-0.1617,1]},{"frame":103,"values":[1,0,0,0,0,-0.1475,-0.9891,0,0,0.9891,-0.1475,0,-0.0103,0.5174,-0.1617,1]},{"frame":104,"values":[1,0,0,0,0,-0.1475,-0.9891,0,0,0.9891,-0.1475,0,-0.0103,0.5174,-0.1617,1]},{"frame":105,"values":[1,0,0,0,0,-0.1475,-0.9891,0,0,0.9891,-0.1475,0,-0.0103,0.5174,-0.1617,1]},{"frame":106,"values":[1,0,0,0,0,-0.1475,-0.9891,0,0,0.9891,-0.1475,0,-0.0103,0.5174,-0.1617,1]},{"frame":109,"values":[1,0,0,0,0,-0.1475,-0.9891,0,0,0.9891,-0.1475,0,-0.0103,0.5174,-0.1617,1]},{"frame":110,"values":[1,0,0,0,0,-0.1475,-0.9891,0,0,0.9891,-0.1475,0,-0.0103,0.5174,-0.1617,1]},{"frame":111,"values":[1,0,0,0,0,-0.1475,-0.9891,0,0,0.9891,-0.1475,0,-0.0103,0.5174,-0.1617,1]},{"frame":112,"values":[1,0,0,0,0,-0.1475,-0.9891,0,0,0.9891,-0.1475,0,-0.0103,0.5174,-0.1617,1]},{"frame":115,"values":[1,0,0,0,0,-0.1475,-0.9891,0,0,0.9891,-0.1475,0,-0.0103,0.5174,-0.1617,1]}],"loopBehavior":1,"name":"anim","property":"_matrix"}},
{"name":"Bone.003","index":3,"matrix":[0.9998,-0.0189,-0.0021,0,0.019,0.9927,0.1189,0,-0.0002,-0.1189,0.9929,0,0,0.7145,0,1],"parentBoneIndex":2,"animation":{"dataType":3,"framePerSecond":24,"keys":[{"frame":0,"values":[0.9998,-0.0189,-0.0021,0,0.019,0.9927,0.1189,0,-0.0002,-0.1189,0.9929,0,0,0.7145,0,1]},{"frame":3,"values":[0.9998,-0.0189,-0.0021,0,0.019,0.9927,0.1189,0,-0.0002,-0.1189,0.9929,0,0,0.7145,0,1]},{"frame":4,"values":[0.9998,-0.0189,-0.0021,0,0.019,0.9927,0.1189,0,-0.0002,-0.1189,0.9929,0,0,0.7145,0,1]},{"frame":5,"values":[0.9998,-0.0189,-0.0021,0,0.019,0.9927,0.1189,0,-0.0002,-0.1189,0.9929,0,0,0.7145,0,1]},{"frame":6,"values":[0.9998,-0.0189,-0.0021,0,0.019,0.9927,0.1189,0,-0.0002,-0.1189,0.9929,0,0,0.7145,0,1]},{"frame":7,"values":[0.9998,-0.0189,-0.0021,0,0.019,0.9927,0.1189,0,-0.0002,-0.1189,0.9929,0,0,0.7145,0,1]},{"frame":8,"values":[0.9998,-0.0189,-0.0021,0,0.019,0.9927,0.1189,0,-0.0002,-0.1189,0.9929,0,0,0.7145,0,1]},{"frame":9,"values":[0.9998,-0.0189,-0.0021,0,0.019,0.9927,0.1189,0,-0.0002,-0.1189,0.9929,0,0,0.7145,0,1]},{"frame":10,"values":[0.9998,-0.0189,-0.0021,0,0.019,0.9927,0.1189,0,-0.0002,-0.1189,0.9929,0,0,0.7145,0,1]},{"frame":21,"values":[0.9998,-0.0189,-0.0021,0,0.019,0.9927,0.1189,0,-0.0002,-0.1189,0.9929,0,0,0.7145,0,1]},{"frame":22,"values":[0.9998,-0.0189,-0.0021,0,0.019,0.9927,0.1189,0,-0.0002,-0.1189,0.9929,0,0,0.7145,0,1]},{"frame":23,"values":[0.9998,-0.0189,-0.0021,0,0.019,0.9927,0.1189,0,-0.0002,-0.1189,0.9929,0,0,0.7145,0,1]},{"frame":24,"values":[0.9998,-0.0189,-0.0021,0,0.019,0.9927,0.1189,0,-0.0002,-0.1189,0.9929,0,0,0.7145,0,1]},{"frame":25,"values":[0.9998,-0.0189,-0.0021,0,0.019,0.9927,0.1189,0,-0.0002,-0.1189,0.9929,0,0,0.7145,0,1]},{"frame":26,"values":[0.9998,-0.0189,-0.0021,0,0.019,0.9927,0.1189,0,-0.0002,-0.1189,0.9929,0,0,0.7145,0,1]},{"frame":27,"values":[0.9998,-0.0189,-0.0021,0,0.019,0.9927,0.1189,0,-0.0002,-0.1189,0.9929,0,0,0.7145,0,1]},{"frame":28,"values":[0.9998,-0.0189,-0.0021,0,0.019,0.9927,0.1189,0,-0.0002,-0.1189,0.9929,0,0,0.7145,0,1]},{"frame":29,"values":[0.9998,-0.0189,-0.0021,0,0.019,0.9927,0.1189,0,-0.0002,-0.1189,0.9929,0,0,0.7145,0,1]},{"frame":30,"values":[0.9998,-0.0189,-0.0021,0,0.019,0.9927,0.1189,0,-0.0002,-0.1189,0.9929,0,0,0.7145,0,1]},{"frame":31,"values":[0.9998,-0.0189,-0.0021,0,0.019,0.9927,0.1189,0,-0.0002,-0.1189,0.9929,0,0,0.7145,0,1]},{"frame":32,"values":[0.9998,-0.0189,-0.0021,0,0.019,0.9927,0.1189,0,-0.0002,-0.1189,0.9929,0,0,0.7145,0,1]},{"frame":33,"values":[0.9998,-0.0189,-0.0021,0,0.019,0.9927,0.1189,0,-0.0002,-0.1189,0.9929,0,0,0.7145,0,1]},{"frame":34,"values":[0.9998,-0.0189,-0.0021,0,0.019,0.9927,0.1189,0,-0.0002,-0.1189,0.9929,0,0,0.7145,0,1]},{"frame":35,"values":[0.9998,-0.0189,-0.0021,0,0.019,0.9927,0.1189,0,-0.0002,-0.1189,0.9929,0,0,0.7145,0,1]},{"frame":36,"values":[0.9998,-0.0189,-0.0021,0,0.019,0.9927,0.1189,0,-0.0002,-0.1189,0.9929,0,0,0.7145,0,1]},{"frame":37,"values":[0.9998,-0.0189,-0.0021,0,0.019,0.9927,0.1189,0,-0.0002,-0.1189,0.9929,0,0,0.7145,0,1]},{"frame":38,"values":[0.9998,-0.0189,-0.0021,0,0.019,0.9927,0.1189,0,-0.0002,-0.1189,0.9929,0,0,0.7145,0,1]},{"frame":39,"values":[0.9998,-0.0189,-0.0021,0,0.019,0.9927,0.1189,0,-0.0002,-0.1189,0.9929,0,0,0.7145,0,1]},{"frame":40,"values":[0.9998,-0.0189,-0.0021,0,0.019,0.9927,0.1189,0,-0.0002,-0.1189,0.9929,0,0,0.7145,0,1]},{"frame":41,"values":[0.9998,-0.0189,-0.0021,0,0.019,0.9927,0.1189,0,-0.0002,-0.1189,0.9929,0,0,0.7145,0,1]},{"frame":42,"values":[0.9998,-0.0189,-0.0021,0,0.019,0.9927,0.1189,0,-0.0002,-0.1189,0.9929,0,0,0.7145,0,1]},{"frame":43,"values":[0.9998,-0.0189,-0.0021,0,0.019,0.9927,0.1189,0,-0.0002,-0.1189,0.9929,0,0,0.7145,0,1]},{"frame":44,"values":[0.9998,-0.0189,-0.0021,0,0.019,0.9927,0.1189,0,-0.0002,-0.1189,0.9929,0,0,0.7145,0,1]},{"frame":45,"values":[0.9998,-0.0189,-0.0021,0,0.019,0.9927,0.1189,0,-0.0002,-0.1189,0.9929,0,0,0.7145,0,1]},{"frame":46,"values":[0.9998,-0.0189,-0.0021,0,0.019,0.9927,0.1189,0,-0.0002,-0.1189,0.9929,0,0,0.7145,0,1]},{"frame":47,"values":[0.9998,-0.0189,-0.0021,0,0.019,0.9927,0.1189,0,-0.0002,-0.1189,0.9929,0,0,0.7145,0,1]},{"frame":48,"values":[0.9998,-0.0189,-0.0021,0,0.019,0.9927,0.1189,0,-0.0002,-0.1189,0.9929,0,0,0.7145,0,1]},{"frame":49,"values":[0.9998,-0.0189,-0.0021,0,0.019,0.9927,0.1189,0,-0.0002,-0.1189,0.9929,0,0,0.7145,0,1]},{"frame":50,"values":[0.9998,-0.0189,-0.0021,0,0.019,0.9927,0.1189,0,-0.0002,-0.1189,0.9929,0,0,0.7145,0,1]},{"frame":51,"values":[0.9998,-0.0189,-0.0021,0,0.019,0.9927,0.1189,0,-0.0002,-0.1189,0.9929,0,0,0.7145,0,1]},{"frame":52,"values":[0.9998,-0.0189,-0.0021,0,0.019,0.9927,0.1189,0,-0.0002,-0.1189,0.9929,0,0,0.7145,0,1]},{"frame":53,"values":[0.9998,-0.0189,-0.0021,0,0.019,0.9927,0.1189,0,-0.0002,-0.1189,0.9929,0,0,0.7145,0,1]},{"frame":54,"values":[0.9998,-0.0189,-0.0021,0,0.019,0.9927,0.1189,0,-0.0002,-0.1189,0.9929,0,0,0.7145,0,1]},{"frame":55,"values":[0.9998,-0.0189,-0.0021,0,0.019,0.9927,0.1189,0,-0.0002,-0.1189,0.9929,0,0,0.7145,0,1]},{"frame":56,"values":[0.9998,-0.0189,-0.0021,0,0.019,0.9927,0.1189,0,-0.0002,-0.1189,0.9929,0,0,0.7145,0,1]},{"frame":57,"values":[0.9998,-0.0189,-0.0021,0,0.019,0.9927,0.1189,0,-0.0002,-0.1189,0.9929,0,0,0.7145,0,1]},{"frame":58,"values":[0.9998,-0.0189,-0.0021,0,0.019,0.9927,0.1189,0,-0.0002,-0.1189,0.9929,0,0,0.7145,0,1]},{"frame":59,"values":[0.9998,-0.0189,-0.0021,0,0.019,0.9927,0.1189,0,-0.0002,-0.1189,0.9929,0,0,0.7145,0,1]},{"frame":60,"values":[0.9998,-0.0189,-0.0021,0,0.019,0.9927,0.1189,0,-0.0002,-0.1189,0.9929,0,0,0.7145,0,1]},{"frame":61,"values":[0.9998,-0.0189,-0.0021,0,0.019,0.9927,0.1189,0,-0.0002,-0.1189,0.9929,0,0,0.7145,0,1]},{"frame":62,"values":[0.9998,-0.0189,-0.0021,0,0.019,0.9927,0.1189,0,-0.0002,-0.1189,0.9929,0,0,0.7145,0,1]},{"frame":63,"values":[0.9998,-0.0189,-0.0021,0,0.019,0.9927,0.1189,0,-0.0002,-0.1189,0.9929,0,0,0.7145,0,1]},{"frame":64,"values":[0.9998,-0.0189,-0.0021,0,0.019,0.9927,0.1189,0,-0.0002,-0.1189,0.9929,0,0,0.7145,0,1]},{"frame":65,"values":[0.9998,-0.0189,-0.0021,0,0.019,0.9927,0.1189,0,-0.0002,-0.1189,0.9929,0,0,0.7145,0,1]},{"frame":66,"values":[0.9998,-0.0189,-0.0021,0,0.019,0.9927,0.1189,0,-0.0002,-0.1189,0.9929,0,0,0.7145,0,1]},{"frame":67,"values":[0.9998,-0.0189,-0.0021,0,0.019,0.9927,0.1189,0,-0.0002,-0.1189,0.9929,0,0,0.7145,0,1]},{"frame":68,"values":[0.9998,-0.0189,-0.0021,0,0.019,0.9927,0.1189,0,-0.0002,-0.1189,0.9929,0,0,0.7145,0,1]},{"frame":69,"values":[0.9998,-0.0189,-0.0021,0,0.019,0.9927,0.1189,0,-0.0002,-0.1189,0.9929,0,0,0.7145,0,1]},{"frame":70,"values":[0.9998,-0.0189,-0.0021,0,0.019,0.9927,0.1189,0,-0.0002,-0.1189,0.9929,0,0,0.7145,0,1]},{"frame":71,"values":[0.9998,-0.0189,-0.0021,0,0.019,0.9927,0.1189,0,-0.0002,-0.1189,0.9929,0,0,0.7145,0,1]},{"frame":72,"values":[0.9998,-0.0189,-0.0021,0,0.019,0.9927,0.1189,0,-0.0002,-0.1189,0.9929,0,0,0.7145,0,1]},{"frame":73,"values":[0.9998,-0.0189,-0.0021,0,0.019,0.9927,0.1189,0,-0.0002,-0.1189,0.9929,0,0,0.7145,0,1]},{"frame":74,"values":[0.9998,-0.0189,-0.0021,0,0.019,0.9927,0.1189,0,-0.0002,-0.1189,0.9929,0,0,0.7145,0,1]},{"frame":75,"values":[0.9998,-0.0189,-0.0021,0,0.019,0.9927,0.1189,0,-0.0002,-0.1189,0.9929,0,0,0.7145,0,1]},{"frame":76,"values":[0.9998,-0.0189,-0.0021,0,0.019,0.9927,0.1189,0,-0.0002,-0.1189,0.9929,0,0,0.7145,0,1]},{"frame":77,"values":[0.9998,-0.0189,-0.0021,0,0.019,0.9927,0.1189,0,-0.0002,-0.1189,0.9929,0,0,0.7145,0,1]},{"frame":78,"values":[0.9998,-0.0189,-0.0021,0,0.019,0.9927,0.1189,0,-0.0002,-0.1189,0.9929,0,0,0.7145,0,1]},{"frame":79,"values":[0.9998,-0.0189,-0.0021,0,0.019,0.9927,0.1189,0,-0.0002,-0.1189,0.9929,0,0,0.7145,0,1]},{"frame":80,"values":[0.9998,-0.0189,-0.0021,0,0.019,0.9927,0.1189,0,-0.0002,-0.1189,0.9929,0,0,0.7145,0,1]},{"frame":81,"values":[0.9998,-0.0189,-0.0021,0,0.019,0.9927,0.1189,0,-0.0002,-0.1189,0.9929,0,0,0.7145,0,1]},{"frame":82,"values":[0.9998,-0.0189,-0.0021,0,0.019,0.9927,0.1189,0,-0.0002,-0.1189,0.9929,0,0,0.7145,0,1]},{"frame":83,"values":[0.9998,-0.0189,-0.0021,0,0.019,0.9927,0.1189,0,-0.0002,-0.1189,0.9929,0,0,0.7145,0,1]},{"frame":84,"values":[0.9998,-0.0189,-0.0021,0,0.019,0.9927,0.1189,0,-0.0002,-0.1189,0.9929,0,0,0.7145,0,1]},{"frame":85,"values":[0.9998,-0.0189,-0.0021,0,0.019,0.9927,0.1189,0,-0.0002,-0.1189,0.9929,0,0,0.7145,0,1]},{"frame":86,"values":[0.9998,-0.0189,-0.0021,0,0.019,0.9927,0.1189,0,-0.0002,-0.1189,0.9929,0,0,0.7145,0,1]},{"frame":87,"values":[0.9998,-0.0189,-0.0021,0,0.019,0.9927,0.1189,0,-0.0002,-0.1189,0.9929,0,0,0.7145,0,1]},{"frame":88,"values":[0.9998,-0.0189,-0.0021,0,0.019,0.9927,0.1189,0,-0.0002,-0.1189,0.9929,0,0,0.7145,0,1]},{"frame":89,"values":[0.9998,-0.0189,-0.0021,0,0.019,0.9927,0.1189,0,-0.0002,-0.1189,0.9929,0,0,0.7145,0,1]},{"frame":90,"values":[0.9998,-0.0189,-0.0021,0,0.019,0.9927,0.1189,0,-0.0002,-0.1189,0.9929,0,0,0.7145,0,1]},{"frame":91,"values":[0.9998,-0.0189,-0.0021,0,0.019,0.9927,0.1189,0,-0.0002,-0.1189,0.9929,0,0,0.7145,0,1]},{"frame":92,"values":[0.9998,-0.0189,-0.0021,0,0.019,0.9927,0.1189,0,-0.0002,-0.1189,0.9929,0,0,0.7145,0,1]},{"frame":93,"values":[0.9998,-0.0189,-0.0021,0,0.019,0.9927,0.1189,0,-0.0002,-0.1189,0.9929,0,0,0.7145,0,1]},{"frame":94,"values":[0.9998,-0.0189,-0.0021,0,0.019,0.9927,0.1189,0,-0.0002,-0.1189,0.9929,0,0,0.7145,0,1]},{"frame":95,"values":[0.9998,-0.0189,-0.0021,0,0.019,0.9927,0.1189,0,-0.0002,-0.1189,0.9929,0,0,0.7145,0,1]},{"frame":96,"values":[0.9998,-0.0189,-0.0021,0,0.019,0.9927,0.1189,0,-0.0002,-0.1189,0.9929,0,0,0.7145,0,1]},{"frame":97,"values":[0.9998,-0.0189,-0.0021,0,0.019,0.9927,0.1189,0,-0.0002,-0.1189,0.9929,0,0,0.7145,0,1]},{"frame":98,"values":[0.9998,-0.0189,-0.0021,0,0.019,0.9927,0.1189,0,-0.0002,-0.1189,0.9929,0,0,0.7145,0,1]},{"frame":99,"values":[0.9998,-0.0189,-0.0021,0,0.019,0.9927,0.1189,0,-0.0002,-0.1189,0.9929,0,0,0.7145,0,1]},{"frame":100,"values":[0.9998,-0.0189,-0.0021,0,0.019,0.9927,0.1189,0,-0.0002,-0.1189,0.9929,0,0,0.7145,0,1]},{"frame":101,"values":[0.9998,-0.0189,-0.0021,0,0.019,0.9927,0.1189,0,-0.0002,-0.1189,0.9929,0,0,0.7145,0,1]},{"frame":102,"values":[0.9998,-0.0189,-0.0021,0,0.019,0.9927,0.1189,0,-0.0002,-0.1189,0.9929,0,0,0.7145,0,1]},{"frame":103,"values":[0.9998,-0.0189,-0.0021,0,0.019,0.9927,0.1189,0,-0.0002,-0.1189,0.9929,0,0,0.7145,0,1]},{"frame":104,"values":[0.9932,0.007,-0.1163,0,0.0308,0.9467,0.3207,0,0.1123,-0.3221,0.94,0,0,0.7145,0,1]},{"frame":105,"values":[0.9344,0.1417,-0.3269,0,0.135,0.7084,0.6928,0,0.3297,-0.6915,0.6428,0,0,0.7145,0,1]},{"frame":106,"values":[0.8912,0.2297,-0.3911,0,0.2114,0.5525,0.8062,0,0.4013,-0.8012,0.4439,0,0,0.7145,0,1]},{"frame":107,"values":[0.9865,0.1638,-0.0053,0,-0.0836,0.5309,0.8433,0,0.1409,-0.8314,0.5374,0,0,0.7145,0,1]},{"frame":108,"values":[0.9189,0.0963,0.3825,0,-0.367,0.564,0.7397,0,-0.1445,-0.8201,0.5536,0,0,0.7145,0,1]},{"frame":109,"values":[0.9396,0.1081,0.3249,0,-0.3068,0.6869,0.6588,0,-0.1519,-0.7186,0.6786,0,0,0.7145,0,1]},{"frame":110,"values":[0.9803,0.0843,0.1785,0,-0.1585,0.8752,0.457,0,-0.1177,-0.4763,0.8714,0,0,0.7145,0,1]},{"frame":111,"values":[0.9989,0.0159,0.0432,0,-0.0249,0.9762,0.2156,0,-0.0388,-0.2164,0.9755,0,0,0.7145,0,1]},{"frame":112,"values":[0.9998,-0.0189,-0.0021,0,0.019,0.9927,0.1189,0,-0.0002,-0.1189,0.9929,0,0,0.7145,0,1]},{"frame":115,"values":[0.9998,-0.0189,-0.0021,0,0.019,0.9927,0.1189,0,-0.0002,-0.1189,0.9929,0,0,0.7145,0,1]}],"loopBehavior":1,"name":"anim","property":"_matrix"}},
{"name":"Bone.004","index":4,"matrix":[0.9998,0.019,-0.0002,0,-0.0167,0.8721,-0.489,0,-0.0092,0.4889,0.8723,0,0,0.5436,0,1],"parentBoneIndex":3,"animation":{"dataType":3,"framePerSecond":24,"keys":[{"frame":0,"values":[0.9998,0.019,-0.0002,0,-0.0167,0.8721,-0.489,0,-0.0092,0.4889,0.8723,0,0,0.5436,0,1]},{"frame":3,"values":[0.9998,0.019,-0.0002,0,-0.0167,0.8721,-0.489,0,-0.0092,0.4889,0.8723,0,0,0.5436,0,1]},{"frame":4,"values":[0.9998,0.019,-0.0002,0,-0.0167,0.8721,-0.489,0,-0.0092,0.4889,0.8723,0,0,0.5436,0,1]},{"frame":5,"values":[0.9998,0.019,-0.0002,0,-0.0167,0.8721,-0.489,0,-0.0092,0.4889,0.8723,0,0,0.5436,0,1]},{"frame":6,"values":[0.9998,0.019,-0.0002,0,-0.0167,0.8721,-0.489,0,-0.0092,0.4889,0.8723,0,0,0.5436,0,1]},{"frame":7,"values":[0.9998,0.019,-0.0002,0,-0.0167,0.8721,-0.489,0,-0.0092,0.4889,0.8723,0,0,0.5436,0,1]},{"frame":8,"values":[0.9998,0.019,-0.0002,0,-0.0167,0.8721,-0.489,0,-0.0092,0.4889,0.8723,0,0,0.5436,0,1]},{"frame":9,"values":[0.9998,0.019,-0.0002,0,-0.0167,0.8721,-0.489,0,-0.0092,0.4889,0.8723,0,0,0.5436,0,1]},{"frame":10,"values":[0.9998,0.019,-0.0002,0,-0.0167,0.8721,-0.489,0,-0.0092,0.4889,0.8723,0,0,0.5436,0,1]},{"frame":21,"values":[0.9998,0.019,-0.0002,0,-0.0167,0.8721,-0.489,0,-0.0092,0.4889,0.8723,0,0,0.5436,0,1]},{"frame":22,"values":[0.9998,0.019,-0.0002,0,-0.0167,0.8721,-0.489,0,-0.0092,0.4889,0.8723,0,0,0.5436,0,1]},{"frame":23,"values":[0.9998,0.019,-0.0002,0,-0.0167,0.8721,-0.489,0,-0.0092,0.4889,0.8723,0,0,0.5436,0,1]},{"frame":24,"values":[0.9998,0.019,-0.0002,0,-0.0167,0.8721,-0.489,0,-0.0092,0.4889,0.8723,0,0,0.5436,0,1]},{"frame":25,"values":[0.9998,0.019,-0.0002,0,-0.0167,0.8721,-0.489,0,-0.0092,0.4889,0.8723,0,0,0.5436,0,1]},{"frame":26,"values":[0.9998,0.019,-0.0002,0,-0.0167,0.8721,-0.489,0,-0.0092,0.4889,0.8723,0,0,0.5436,0,1]},{"frame":27,"values":[0.9998,0.019,-0.0002,0,-0.0167,0.8721,-0.489,0,-0.0092,0.4889,0.8723,0,0,0.5436,0,1]},{"frame":28,"values":[0.9998,0.019,-0.0002,0,-0.0167,0.8721,-0.489,0,-0.0092,0.4889,0.8723,0,0,0.5436,0,1]},{"frame":29,"values":[0.9998,0.019,-0.0002,0,-0.0167,0.8721,-0.489,0,-0.0092,0.4889,0.8723,0,0,0.5436,0,1]},{"frame":30,"values":[0.9998,0.019,-0.0002,0,-0.0167,0.8721,-0.489,0,-0.0092,0.4889,0.8723,0,0,0.5436,0,1]},{"frame":31,"values":[0.9998,0.019,-0.0002,0,-0.0167,0.8721,-0.489,0,-0.0092,0.4889,0.8723,0,0,0.5436,0,1]},{"frame":32,"values":[0.9998,0.019,-0.0002,0,-0.0167,0.8721,-0.489,0,-0.0092,0.4889,0.8723,0,0,0.5436,0,1]},{"frame":33,"values":[0.9998,0.019,-0.0002,0,-0.0167,0.8721,-0.489,0,-0.0092,0.4889,0.8723,0,0,0.5436,0,1]},{"frame":34,"values":[0.9998,0.019,-0.0002,0,-0.0167,0.8721,-0.489,0,-0.0092,0.4889,0.8723,0,0,0.5436,0,1]},{"frame":35,"values":[0.9998,0.019,-0.0002,0,-0.0167,0.8721,-0.489,0,-0.0092,0.4889,0.8723,0,0,0.5436,0,1]},{"frame":36,"values":[0.9998,0.019,-0.0002,0,-0.0167,0.8721,-0.489,0,-0.0092,0.4889,0.8723,0,0,0.5436,0,1]},{"frame":37,"values":[0.9998,0.019,-0.0002,0,-0.0167,0.8721,-0.489,0,-0.0092,0.4889,0.8723,0,0,0.5436,0,1]},{"frame":38,"values":[0.9998,0.019,-0.0002,0,-0.0167,0.8721,-0.489,0,-0.0092,0.4889,0.8723,0,0,0.5436,0,1]},{"frame":39,"values":[0.9998,0.019,-0.0002,0,-0.0167,0.8721,-0.489,0,-0.0092,0.4889,0.8723,0,0,0.5436,0,1]},{"frame":40,"values":[0.9998,0.019,-0.0002,0,-0.0167,0.8721,-0.489,0,-0.0092,0.4889,0.8723,0,0,0.5436,0,1]},{"frame":41,"values":[0.9998,0.019,-0.0002,0,-0.0167,0.8721,-0.489,0,-0.0092,0.4889,0.8723,0,0,0.5436,0,1]},{"frame":42,"values":[0.9998,0.019,-0.0002,0,-0.0167,0.8721,-0.489,0,-0.0092,0.4889,0.8723,0,0,0.5436,0,1]},{"frame":43,"values":[0.9998,0.019,-0.0002,0,-0.0167,0.8721,-0.489,0,-0.0092,0.4889,0.8723,0,0,0.5436,0,1]},{"frame":44,"values":[0.9998,0.019,-0.0002,0,-0.0167,0.8721,-0.489,0,-0.0092,0.4889,0.8723,0,0,0.5436,0,1]},{"frame":45,"values":[0.9998,0.019,-0.0002,0,-0.0167,0.8721,-0.489,0,-0.0092,0.4889,0.8723,0,0,0.5436,0,1]},{"frame":46,"values":[0.9998,0.019,-0.0002,0,-0.0167,0.8721,-0.489,0,-0.0092,0.4889,0.8723,0,0,0.5436,0,1]},{"frame":47,"values":[0.9998,0.019,-0.0002,0,-0.0167,0.8721,-0.489,0,-0.0092,0.4889,0.8723,0,0,0.5436,0,1]},{"frame":48,"values":[0.9998,0.019,-0.0002,0,-0.0167,0.8721,-0.489,0,-0.0092,0.4889,0.8723,0,0,0.5436,0,1]},{"frame":49,"values":[0.9998,0.019,-0.0002,0,-0.0167,0.8721,-0.489,0,-0.0092,0.4889,0.8723,0,0,0.5436,0,1]},{"frame":50,"values":[0.9998,0.019,-0.0002,0,-0.0167,0.8721,-0.489,0,-0.0092,0.4889,0.8723,0,0,0.5436,0,1]},{"frame":51,"values":[0.9998,0.019,-0.0002,0,-0.0167,0.8721,-0.489,0,-0.0092,0.4889,0.8723,0,0,0.5436,0,1]},{"frame":52,"values":[0.9998,0.019,-0.0002,0,-0.0167,0.8721,-0.489,0,-0.0092,0.4889,0.8723,0,0,0.5436,0,1]},{"frame":53,"values":[0.9998,0.019,-0.0002,0,-0.0167,0.8721,-0.489,0,-0.0092,0.4889,0.8723,0,0,0.5436,0,1]},{"frame":54,"values":[0.9998,0.019,-0.0002,0,-0.0167,0.8721,-0.489,0,-0.0092,0.4889,0.8723,0,0,0.5436,0,1]},{"frame":55,"values":[0.9998,0.019,-0.0002,0,-0.0167,0.8721,-0.489,0,-0.0092,0.4889,0.8723,0,0,0.5436,0,1]},{"frame":56,"values":[0.9998,0.019,-0.0002,0,-0.0167,0.8721,-0.489,0,-0.0092,0.4889,0.8723,0,0,0.5436,0,1]},{"frame":57,"values":[0.9998,0.019,-0.0002,0,-0.0167,0.8721,-0.489,0,-0.0092,0.4889,0.8723,0,0,0.5436,0,1]},{"frame":58,"values":[0.9998,0.019,-0.0002,0,-0.0167,0.8721,-0.489,0,-0.0092,0.4889,0.8723,0,0,0.5436,0,1]},{"frame":59,"values":[0.9998,0.019,-0.0002,0,-0.0167,0.8721,-0.489,0,-0.0092,0.4889,0.8723,0,0,0.5436,0,1]},{"frame":60,"values":[0.9998,0.019,-0.0002,0,-0.0167,0.8721,-0.489,0,-0.0092,0.4889,0.8723,0,0,0.5436,0,1]},{"frame":61,"values":[0.9998,0.019,-0.0002,0,-0.0167,0.8721,-0.489,0,-0.0092,0.4889,0.8723,0,0,0.5436,0,1]},{"frame":62,"values":[0.9998,0.019,-0.0002,0,-0.0167,0.8721,-0.489,0,-0.0092,0.4889,0.8723,0,0,0.5436,0,1]},{"frame":63,"values":[0.9998,0.019,-0.0002,0,-0.0167,0.8721,-0.489,0,-0.0092,0.4889,0.8723,0,0,0.5436,0,1]},{"frame":64,"values":[0.9998,0.019,-0.0002,0,-0.0167,0.8721,-0.489,0,-0.0092,0.4889,0.8723,0,0,0.5436,0,1]},{"frame":65,"values":[0.9998,0.019,-0.0002,0,-0.0167,0.8721,-0.489,0,-0.0092,0.4889,0.8723,0,0,0.5436,0,1]},{"frame":66,"values":[0.9998,0.019,-0.0002,0,-0.0167,0.8721,-0.489,0,-0.0092,0.4889,0.8723,0,0,0.5436,0,1]},{"frame":67,"values":[0.9998,0.019,-0.0002,0,-0.0167,0.8721,-0.489,0,-0.0092,0.4889,0.8723,0,0,0.5436,0,1]},{"frame":68,"values":[0.9998,0.019,-0.0002,0,-0.0167,0.8721,-0.489,0,-0.0092,0.4889,0.8723,0,0,0.5436,0,1]},{"frame":69,"values":[0.9998,0.019,-0.0002,0,-0.0167,0.8721,-0.489,0,-0.0092,0.4889,0.8723,0,0,0.5436,0,1]},{"frame":70,"values":[0.9998,0.019,-0.0002,0,-0.0167,0.8721,-0.489,0,-0.0092,0.4889,0.8723,0,0,0.5436,0,1]},{"frame":71,"values":[0.9998,0.019,-0.0002,0,-0.0167,0.8721,-0.489,0,-0.0092,0.4889,0.8723,0,0,0.5436,0,1]},{"frame":72,"values":[0.9998,0.019,-0.0002,0,-0.0167,0.8721,-0.489,0,-0.0092,0.4889,0.8723,0,0,0.5436,0,1]},{"frame":73,"values":[0.9998,0.019,-0.0002,0,-0.0167,0.8721,-0.489,0,-0.0092,0.4889,0.8723,0,0,0.5436,0,1]},{"frame":74,"values":[0.9998,0.019,-0.0002,0,-0.0167,0.8721,-0.489,0,-0.0092,0.4889,0.8723,0,0,0.5436,0,1]},{"frame":75,"values":[0.9998,0.019,-0.0002,0,-0.0167,0.8721,-0.489,0,-0.0092,0.4889,0.8723,0,0,0.5436,0,1]},{"frame":76,"values":[0.9998,0.019,-0.0002,0,-0.0167,0.8721,-0.489,0,-0.0092,0.4889,0.8723,0,0,0.5436,0,1]},{"frame":77,"values":[0.9998,0.019,-0.0002,0,-0.0167,0.8721,-0.489,0,-0.0092,0.4889,0.8723,0,0,0.5436,0,1]},{"frame":78,"values":[0.9998,0.019,-0.0002,0,-0.0167,0.8721,-0.489,0,-0.0092,0.4889,0.8723,0,0,0.5436,0,1]},{"frame":79,"values":[0.9998,0.019,-0.0002,0,-0.0167,0.8721,-0.489,0,-0.0092,0.4889,0.8723,0,0,0.5436,0,1]},{"frame":80,"values":[0.9998,0.019,-0.0002,0,-0.0167,0.8721,-0.489,0,-0.0092,0.4889,0.8723,0,0,0.5436,0,1]},{"frame":81,"values":[0.9998,0.019,-0.0002,0,-0.0167,0.8721,-0.489,0,-0.0092,0.4889,0.8723,0,0,0.5436,0,1]},{"frame":82,"values":[0.9998,0.019,-0.0002,0,-0.0167,0.8721,-0.489,0,-0.0092,0.4889,0.8723,0,0,0.5436,0,1]},{"frame":83,"values":[0.9998,0.019,-0.0002,0,-0.0167,0.8721,-0.489,0,-0.0092,0.4889,0.8723,0,0,0.5436,0,1]},{"frame":84,"values":[0.9998,0.019,-0.0002,0,-0.0167,0.8721,-0.489,0,-0.0092,0.4889,0.8723,0,0,0.5436,0,1]},{"frame":85,"values":[0.9998,0.019,-0.0002,0,-0.0167,0.8721,-0.489,0,-0.0092,0.4889,0.8723,0,0,0.5436,0,1]},{"frame":86,"values":[0.9998,0.019,-0.0002,0,-0.0167,0.8721,-0.489,0,-0.0092,0.4889,0.8723,0,0,0.5436,0,1]},{"frame":87,"values":[0.9998,0.019,-0.0002,0,-0.0167,0.8721,-0.489,0,-0.0092,0.4889,0.8723,0,0,0.5436,0,1]},{"frame":88,"values":[0.9998,0.019,-0.0002,0,-0.0167,0.8721,-0.489,0,-0.0092,0.4889,0.8723,0,0,0.5436,0,1]},{"frame":89,"values":[0.9998,0.019,-0.0002,0,-0.0167,0.8721,-0.489,0,-0.0092,0.4889,0.8723,0,0,0.5436,0,1]},{"frame":90,"values":[0.9998,0.019,-0.0002,0,-0.0167,0.8721,-0.489,0,-0.0092,0.4889,0.8723,0,0,0.5436,0,1]},{"frame":91,"values":[0.9998,0.019,-0.0002,0,-0.0167,0.8721,-0.489,0,-0.0092,0.4889,0.8723,0,0,0.5436,0,1]},{"frame":92,"values":[0.9998,0.019,-0.0002,0,-0.0167,0.8721,-0.489,0,-0.0092,0.4889,0.8723,0,0,0.5436,0,1]},{"frame":93,"values":[0.9998,0.019,-0.0002,0,-0.0167,0.8721,-0.489,0,-0.0092,0.4889,0.8723,0,0,0.5436,0,1]},{"frame":94,"values":[0.9998,0.019,-0.0002,0,-0.0167,0.8721,-0.489,0,-0.0092,0.4889,0.8723,0,0,0.5436,0,1]},{"frame":95,"values":[0.9998,0.019,-0.0002,0,-0.0167,0.8721,-0.489,0,-0.0092,0.4889,0.8723,0,0,0.5436,0,1]},{"frame":96,"values":[0.9998,0.019,-0.0002,0,-0.0167,0.8721,-0.489,0,-0.0092,0.4889,0.8723,0,0,0.5436,0,1]},{"frame":97,"values":[0.9998,0.019,-0.0002,0,-0.0167,0.8721,-0.489,0,-0.0092,0.4889,0.8723,0,0,0.5436,0,1]},{"frame":98,"values":[0.9998,0.019,-0.0002,0,-0.0167,0.8721,-0.489,0,-0.0092,0.4889,0.8723,0,0,0.5436,0,1]},{"frame":99,"values":[0.9998,0.019,-0.0002,0,-0.0167,0.8721,-0.489,0,-0.0092,0.4889,0.8723,0,0,0.5436,0,1]},{"frame":100,"values":[0.9998,0.019,-0.0002,0,-0.0167,0.8721,-0.489,0,-0.0092,0.4889,0.8723,0,0,0.5436,0,1]},{"frame":101,"values":[0.9998,0.019,-0.0002,0,-0.0167,0.8721,-0.489,0,-0.0092,0.4889,0.8723,0,0,0.5436,0,1]},{"frame":102,"values":[0.9998,0.019,-0.0002,0,-0.0167,0.8721,-0.489,0,-0.0092,0.4889,0.8723,0,0,0.5436,0,1]},{"frame":103,"values":[0.9998,0.019,-0.0002,0,-0.0167,0.8721,-0.489,0,-0.0092,0.4889,0.8723,0,0,0.5436,0,1]},{"frame":104,"values":[0.9998,0.019,-0.0002,0,-0.0167,0.8721,-0.489,0,-0.0092,0.4889,0.8723,0,0,0.5436,0,1]},{"frame":105,"values":[0.9998,0.019,-0.0002,0,-0.0167,0.8721,-0.489,0,-0.0092,0.4889,0.8723,0,0,0.5436,0,1]},{"frame":106,"values":[0.9998,0.019,-0.0002,0,-0.0167,0.8721,-0.489,0,-0.0092,0.4889,0.8723,0,0,0.5436,0,1]},{"frame":107,"values":[0.5026,0.6645,0.553,0,-0.3341,0.7393,-0.5846,0,-0.7973,0.1091,0.5936,0,0,0.5436,0,1]},{"frame":108,"values":[-0.4816,0.6521,0.5855,0,-0.3576,0.4637,-0.8106,0,-0.8001,-0.5997,0.0099,0,0,0.5436,0,1]},{"frame":109,"values":[-0.2474,0.7288,0.6385,0,-0.3866,0.53,-0.7547,0,-0.8885,-0.4335,0.1506,0,0,0.5436,0,1]},{"frame":110,"values":[0.5026,0.6645,0.553,0,-0.3341,0.7393,-0.5846,0,-0.7973,0.1091,0.5936,0,0,0.5436,0,1]},{"frame":111,"values":[0.9644,0.2109,0.1594,0,-0.1077,0.8641,-0.4917,0,-0.2414,0.457,0.8561,0,0,0.5436,0,1]},{"frame":112,"values":[0.9998,0.019,-0.0002,0,-0.0167,0.8721,-0.489,0,-0.0092,0.4889,0.8723,0,0,0.5436,0,1]},{"frame":115,"values":[0.9998,0.019,-0.0002,0,-0.0167,0.8721,-0.489,0,-0.0092,0.4889,0.8723,0,0,0.5436,0,1]}],"loopBehavior":1,"name":"anim","property":"_matrix"}},
