{"autoClear":true,"clearColor":[0,0,0],"ambientColor":[0,0,0],"gravity":[0,-9.81,0],
"module":"",
"materials":[{"name":"Enemy.Material","id":"Enemy.Material","ambient":[0.0111,0.0111,0.0111],"diffuse":[0.0089,0.0089,0.0089],"specular":[0.2193,0.2193,0.2193],"emissive":[0,0,0],"specularPower":50,"alpha":1,"backFaceCulling":true},{"name":"Enemy.Material.001","id":"Enemy.Material.001","ambient":[0.8,0.783,0.7334],"diffuse":[0.64,0.6264,0.5867],"specular":[0.5,0.5,0.5],"emissive":[0,0,0],"specularPower":50,"alpha":1,"backFaceCulling":true}],
"multiMaterials":[{"name":"Enemy.Multimaterial#0","id":"Enemy.Multimaterial#0","materials":["Enemy.Material","Enemy.Material.001"]}],
"skeletons":[{"name":"Armature","id":0,"bones":[
{"name":"Bone","index":0,"matrix":[1,0,0,0,0,1,0.003,0,0,0.003,-1,0,0,0,0,1],"parentBoneIndex":-1,"animation":{"dataType":3,"framePerSecond":24,"keys":[{"frame":1,"values":[1,0,0,0,0,1,0.003,0,0,0.003,-1,0,0,0,0,1]},{"frame":3,"values":[1,-0.0002,0.0002,0,0.0002,1,-0.001,0,0.0002,-0.001,-1,0,0,0,0,1]},{"frame":4,"values":[1,-0.0007,0.0007,0,0.0007,0.9999,-0.0133,0,0.0007,-0.0133,-0.9999,0,0,0,0,1]},{"frame":5,"values":[1,-0.0015,0.0016,0,0.0016,0.9994,-0.0339,0,0.0015,-0.0339,-0.9994,0,0,0,0,1]},{"frame":6,"values":[1,-0.0027,0.0029,0,0.0028,0.998,-0.0626,0,0.0027,-0.0626,-0.998,0,0,0,0,1]},{"frame":7,"values":[1,-0.0041,0.0045,0,0.0045,0.9951,-0.0989,0,0.0041,-0.0989,-0.9951,0,0,0,0,1]},{"frame":8,"values":[1,-0.0056,0.0065,0,0.0065,0.9899,-0.1419,0,0.0057,-0.1419,-0.9899,0,0,0,0,1]},{"frame":9,"values":[0.9999,-0.0073,0.0089,0,0.0089,0.9817,-0.1902,0,0.0074,-0.1903,-0.9817,0,0,0,0,1]},{"frame":10,"values":[0.9999,-0.009,0.0116,0,0.0116,0.9702,-0.242,0,0.0091,-0.2422,-0.9702,0,0,0,0,1]},{"frame":11,"values":[0.9998,-0.0106,0.0145,0,0.0144,0.9553,-0.2952,0,0.0107,-0.2954,-0.9553,0,0,0,0,1]},{"frame":12,"values":[0.9998,-0.0121,0.0174,0,0.0174,0.9375,-0.3475,0,0.0121,-0.3477,-0.9375,0,0,0,0,1]},{"frame":13,"values":[0.9997,-0.0133,0.0203,0,0.0203,0.9177,-0.3968,0,0.0134,-0.3971,-0.9177,0,0,0,0,1]},{"frame":14,"values":[0.9996,-0.0143,0.0231,0,0.023,0.8971,-0.4412,0,0.0144,-0.4416,-0.8971,0,0,0,0,1]},{"frame":15,"values":[0.9996,-0.0151,0.0255,0,0.0255,0.8771,-0.4796,0,0.0152,-0.4801,-0.8771,0,0,0,0,1]},{"frame":16,"values":[0.9995,-0.0156,0.0276,0,0.0275,0.859,-0.5112,0,0.0157,-0.5117,-0.859,0,0,0,0,1]},{"frame":17,"values":[0.9994,-0.016,0.0293,0,0.0292,0.8439,-0.5356,0,0.0161,-0.5362,-0.8439,0,0,0,0,1]},{"frame":18,"values":[0.9994,-0.0163,0.0305,0,0.0304,0.8327,-0.5529,0,0.0164,-0.5535,-0.8327,0,0,0,0,1]},{"frame":19,"values":[0.9994,-0.0164,0.0312,0,0.0311,0.8258,-0.5631,0,0.0165,-0.5637,-0.8258,0,0,0,0,1]},{"frame":20,"values":[0.9994,-0.0164,0.0314,0,0.0314,0.8235,-0.5664,0,0.0166,-0.567,-0.8235,0,0,0,0,1]},{"frame":21,"values":[0.9994,-0.0163,0.0308,0,0.0307,0.8295,-0.5576,0,0.0164,-0.5582,-0.8295,0,0,0,0,1]},{"frame":22,"values":[0.9995,-0.0159,0.0289,0,0.0289,0.847,-0.5308,0,0.016,-0.5313,-0.847,0,0,0,0,1]},{"frame":23,"values":[0.9995,-0.0152,0.0259,0,0.0259,0.8737,-0.4858,0,0.0153,-0.4863,-0.8737,0,0,0,0,1]},{"frame":24,"values":[0.9997,-0.0139,0.022,0,0.022,0.9051,-0.4247,0,0.014,-0.425,-0.9051,0,0,0,0,1]},{"frame":25,"values":[0.9998,-0.0122,0.0177,0,0.0177,0.9355,-0.3529,0,0.0123,-0.3531,-0.9355,0,0,0,0,1]},{"frame":26,"values":[0.9999,-0.0101,0.0136,0,0.0135,0.9602,-0.2788,0,0.0102,-0.279,-0.9602,0,0,0,0,1]},{"frame":27,"values":[0.9999,-0.0081,0.01,0,0.01,0.9772,-0.2123,0,0.0081,-0.2123,-0.9772,0,0,0,0,1]},{"frame":28,"values":[1,-0.0063,0.0075,0,0.0074,0.9869,-0.1609,0,0.0063,-0.1609,-0.9869,0,0,0,0,1]},{"frame":29,"values":[1,-0.0052,0.0059,0,0.0059,0.9916,-0.1292,0,0.0052,-0.1292,-0.9916,0,0,0,0,1]},{"frame":30,"values":[1,-0.0048,0.0054,0,0.0054,0.9929,-0.1186,0,0.0048,-0.1186,-0.9929,0,0,0,0,1]},{"frame":31,"values":[1,-0.0053,0.0061,0,0.0061,0.991,-0.1337,0,0.0054,-0.1337,-0.991,0,0,0,0,1]},{"frame":32,"values":[0.9999,-0.0069,0.0084,0,0.0083,0.9838,-0.179,0,0.007,-0.179,-0.9838,0,0,0,0,1]},{"frame":33,"values":[0.9999,-0.0093,0.0121,0,0.0121,0.9675,-0.2524,0,0.0094,-0.2525,-0.9675,0,0,0,0,1]},{"frame":34,"values":[0.9998,-0.012,0.0174,0,0.0173,0.9377,-0.347,0,0.0121,-0.3473,-0.9377,0,0,0,0,1]},{"frame":35,"values":[0.9996,-0.0145,0.0236,0,0.0236,0.8924,-0.4506,0,0.0146,-0.451,-0.8924,0,0,0,0,1]},{"frame":36,"values":[0.9994,-0.0162,0.0301,0,0.0301,0.8357,-0.5484,0,0.0163,-0.549,-0.8357,0,0,0,0,1]},{"frame":37,"values":[0.9992,-0.0171,0.036,0,0.0359,0.7771,-0.6284,0,0.0172,-0.6292,-0.7771,0,0,0,0,1]},{"frame":38,"values":[0.999,-0.0174,0.0404,0,0.0404,0.7275,-0.6849,0,0.0175,-0.6859,-0.7275,0,0,0,0,1]},{"frame":39,"values":[0.9989,-0.0174,0.0432,0,0.0431,0.6952,-0.7175,0,0.0175,-0.7186,-0.6952,0,0,0,0,1]},{"frame":40,"values":[0.9989,-0.0174,0.0441,0,0.044,0.6842,-0.7279,0,0.0175,-0.7291,-0.6842,0,0,0,0,1]},{"frame":41,"values":[0.9989,-0.0174,0.0425,0,0.0424,0.7036,-0.7093,0,0.0176,-0.7104,-0.7036,0,0,0,0,1]},{"frame":42,"values":[0.9991,-0.0172,0.0376,0,0.0375,0.7594,-0.6495,0,0.0174,-0.6504,-0.7594,0,0,0,0,1]},{"frame":43,"values":[0.9994,-0.0161,0.0297,0,0.0297,0.8397,-0.5422,0,0.0162,-0.5427,-0.8397,0,0,0,0,1]},{"frame":44,"values":[0.9997,-0.0131,0.0198,0,0.0198,0.9212,-0.3885,0,0.0132,-0.3888,-0.9212,0,0,0,0,1]},{"frame":45,"values":[0.9999,-0.0079,0.0098,0,0.0098,0.9781,-0.2081,0,0.008,-0.2082,-0.9781,0,0,0,0,1]},{"frame":46,"values":[1,-0.0016,0.0016,0,0.0016,0.9994,-0.0354,0,0.0016,-0.0354,-0.9994,0,0,0,0,1]},{"frame":47,"values":[1,0.0042,-0.0038,0,-0.0038,0.9951,0.0987,0,-0.0042,0.0987,-0.9951,0,0,0,0,1]},{"frame":48,"values":[0.9999,0.0081,-0.0068,0,-0.0067,0.9837,0.1798,0,-0.0081,0.1797,-0.9837,0,0,0,0,1]},{"frame":49,"values":[0.9999,0.0094,-0.0077,0,-0.0076,0.9785,0.2062,0,-0.0094,0.2061,-0.9785,0,0,0,0,1]},{"frame":250,"values":[0.9999,0.0094,-0.0077,0,-0.0076,0.9785,0.2062,0,-0.0094,0.2061,-0.9785,0,0,0,0,1]}],"loopBehavior":1,"name":"anim","property":"_matrix"}}]}],
"meshes":[{"name":"Enemy","id":"Enemy","materialId":"Enemy.Multimaterial#0","billboardMode":0,"position":[0,0,0],"rotation":[0,0,0],"scaling":[1,1,1],"isVisible":true,"isEnabled":true,"useFlatShading":false,"checkCollisions":false,"receiveShadows":false,"meshType":"Enemy","skeletonId":0
,"positions":[-0.0776,1,-0.1611,-0.1051,1.075,-0.1969,-0.1051,1.075,0.1969,0,1,-0.1611,-0.0776,1,-0.1611,-0.0776,-0.0073,-0.1611,-0.0776,1,-0.1611,-0.0776,1,0.1611,-0.0776,-0.0073,0.1611,0,-0.0073,0.1611,-0.0776,-0.0073,0.1611,-0.0776,1,0.1611,-0.1051,1.075,0.1969,-0.1051,1.1093,0.1969,0,1.1093,0.1969,-0.0776,1,0.1611,-0.1051,1.075,0.1969,0,1.075,0.1969,-0.0776,1,-0.1611,0,1,-0.1611,0,1.075,-0.1969,-0.0776,-0.0073,0.1611,0,-0.0073,0.1611,0,-0.0073,0.1611,0,-0.0073,-0.1611,-0.0776,-0.0073,-0.1611,-0.0776,-0.0073,-0.1611,-0.0776,-0.0073,-0.1611,-0.0776,-0.0073,0.1611,-0.0776,-0.0073,0.1611,0,1.1093,0.1969,-0.1051,1.1093,0.1969,-0.0124,1.1216,0.1421,0,1.075,-0.1969,0,1.1093,-0.1969,-0.1051,1.1093,-0.1969,-0.1051,1.075,-0.1969,-0.1051,1.1093,-0.1969,-0.1051,1.1093,0.1969,0,1.1093,-0.1969,0,1.1216,0.072,-0.0124,1.1216,0.072,-0.1051,1.1093,0.1969,-0.1051,1.1093,-0.1969,-0.0124,1.1216,0.072,-0.0776,-0.0073,-0.1611,-0.0776,-0.0073,0.1611,-0.1051,-0.2843,0.1969,-0.1051,-0.2843,0.1969,-0.1051,-0.4294,0.1969,-0.1051,-0.4294,-0.1969,-0.0776,-0.0073,-0.1611,-0.1051,-0.2843,-0.1969,0,-0.2843,-0.1969,-0.0776,-0.0073,0.1611,0,-0.0073,0.1611,0,-0.2843,0.1969,0,-0.4294,-0.1969,-0.1051,-0.4294,-0.1969,-0.1051,-0.4294,0.1969,-0.1051,-0.2843,-0.1969,-0.1051,-0.4294,-0.1969,0,-0.4294,-0.1969,0,-0.2843,0.1969,0,-0.4294,0.1969,-0.1051,-0.4294,0.1969,0.1051,1.075,0.1969,0.1051,1.075,-0.1969,0.0776,1,-0.1611,0.0776,-0.0073,-0.1611,0.0776,1,-0.1611,0,1,-0.1611,0.0776,-0.0073,0.1611,0.0776,1,0.1611,0.0776,1,-0.1611,0.0776,1,0.1611,0.0776,-0.0073,0.1611,0,-0.0073,0.1611,0,1.1093,0.1969,0.1051,1.1093,0.1969,0.1051,1.075,0.1969,0,1.075,0.1969,0.1051,1.075,0.1969,0.0776,1,0.1611,0.0776,1,-0.1611,0.1051,1.075,-0.1969,0,1.075,-0.1969,0.0776,-0.0073,0.1611,0.0776,-0.0073,0.1611,0,-0.0073,0.1611,0,-0.0073,-0.1611,0,-0.0073,-0.1611,0.0776,-0.0073,-0.1611,0.0776,-0.0073,-0.1611,0.0776,-0.0073,-0.1611,0.0776,-0.0073,0.1611,0,1.1093,0.1969,0,1.1216,0.1421,0.0124,1.1216,0.1421,0.1051,1.1093,-0.1969,0,1.1093,-0.1969,0,1.075,-0.1969,0.1051,1.1093,0.1969,0.1051,1.1093,-0.1969,0.1051,1.075,-0.1969,0.0124,1.1216,0.072,0,1.1216,0.072,0,1.1093,-0.1969,0.1051,1.1093,0.1969,0.0124,1.1216,0.1421,0.0124,1.1216,0.072,0.0776,-0.0073,-0.1611,0.1051,-0.2843,-0.1969,0.1051,-0.2843,0.1969,0.1051,-0.4294,-0.1969,0.1051,-0.4294,0.1969,0.1051,-0.2843,0.1969,0,-0.2843,-0.1969,0.1051,-0.2843,-0.1969,0.0776,-0.0073,-0.1611,0.0776,-0.0073,0.1611,0.1051,-0.2843,0.1969,0,-0.2843,0.1969,0,-0.4294,0.1969,0.1051,-0.4294,0.1969,0.1051,-0.4294,-0.1969,0,-0.4294,-0.1969,0.1051,-0.4294,-0.1969,0.1051,-0.2843,-0.1969,0.1051,-0.4294,0.1969,0,-0.4294,0.1969,0,-0.2843,0.1969,-0.0776,1,0.1611,-0.0776,1,-0.1611,-0.1051,1.075,0.1969,0,-0.0073,-0.1611,0,1,-0.1611,-0.0776,-0.0073,-0.1611,-0.0776,-0.0073,-0.1611,-0.0776,1,-0.1611,-0.0776,-0.0073,0.1611,0,1,0.1611,0,-0.0073,0.1611,-0.0776,1,0.1611,0,1.075,0.1969,-0.1051,1.075,0.1969,0,1.1093,0.1969,0,1,0.1611,-0.0776,1,0.1611,0,1.075,0.1969,-0.1051,1.075,-0.1969,-0.0776,1,-0.1611,0,1.075,-0.1969,-0.0776,-0.0073,0.1611,-0.0776,-0.0073,0.1611,0,-0.0073,0.1611,0,-0.0073,-0.1611,0,-0.0073,-0.1611,-0.0776,-0.0073,-0.1611,-0.0776,-0.0073,-0.1611,-0.0776,-0.0073,-0.1611,-0.0776,-0.0073,0.1611,0,1.1216,0.1421,0,1.1093,0.1969,-0.0124,1.1216,0.1421,-0.1051,1.075,-0.1969,0,1.075,-0.1969,-0.1051,1.1093,-0.1969,-0.1051,1.075,0.1969,-0.1051,1.075,-0.1969,-0.1051,1.1093,0.1969,-0.1051,1.1093,-0.1969,0,1.1093,-0.1969,-0.0124,1.1216,0.072,-0.0124,1.1216,0.1421,-0.1051,1.1093,0.1969,-0.0124,1.1216,0.072,-0.1051,-0.2843,-0.1969,-0.0776,-0.0073,-0.1611,-0.1051,-0.2843,0.1969,-0.1051,-0.2843,-0.1969,-0.1051,-0.2843,0.1969,-0.1051,-0.4294,-0.1969,0,-0.0073,-0.1611,-0.0776,-0.0073,-0.1611,0,-0.2843,-0.1969,-0.1051,-0.2843,0.1969,-0.0776,-0.0073,0.1611,0,-0.2843,0.1969,0,-0.4294,0.1969,0,-0.4294,-0.1969,-0.1051,-0.4294,0.1969,0,-0.2843,-0.1969,-0.1051,-0.2843,-0.1969,0,-0.4294,-0.1969,-0.1051,-0.2843,0.1969,0,-0.2843,0.1969,-0.1051,-0.4294,0.1969,0.0776,1,0.1611,0.1051,1.075,0.1969,0.0776,1,-0.1611,0,-0.0073,-0.1611,0.0776,-0.0073,-0.1611,0,1,-0.1611,0.0776,-0.0073,-0.1611,0.0776,-0.0073,0.1611,0.0776,1,-0.1611,0,1,0.1611,0.0776,1,0.1611,0,-0.0073,0.1611,0,1.075,0.1969,0,1.1093,0.1969,0.1051,1.075,0.1969,0,1,0.1611,0,1.075,0.1969,0.0776,1,0.1611,0,1,-0.1611,0.0776,1,-0.1611,0,1.075,-0.1969,0,-0.0073,0.1611,0.0776,-0.0073,0.1611,0,-0.0073,0.1611,0.0776,-0.0073,-0.1611,0,-0.0073,-0.1611,0.0776,-0.0073,-0.1611,0.0776,-0.0073,0.1611,0.0776,-0.0073,-0.1611,0.0776,-0.0073,0.1611,0.1051,1.1093,0.1969,0,1.1093,0.1969,0.0124,1.1216,0.1421,0.1051,1.075,-0.1969,0.1051,1.1093,-0.1969,0,1.075,-0.1969,0.1051,1.075,0.1969,0.1051,1.1093,0.1969,0.1051,1.075,-0.1969,0.1051,1.1093,-0.1969,0.0124,1.1216,0.072,0,1.1093,-0.1969,0.1051,1.1093,-0.1969,0.1051,1.1093,0.1969,0.0124,1.1216,0.072,0.0776,-0.0073,0.1611,0.0776,-0.0073,-0.1611,0.1051,-0.2843,0.1969,0.1051,-0.2843,-0.1969,0.1051,-0.4294,-0.1969,0.1051,-0.2843,0.1969,0,-0.0073,-0.1611,0,-0.2843,-0.1969,0.0776,-0.0073,-0.1611,0,-0.0073,0.1611,0.0776,-0.0073,0.1611,0,-0.2843,0.1969,0,-0.4294,-0.1969,0,-0.4294,0.1969,0.1051,-0.4294,-0.1969,0,-0.2843,-0.1969,0,-0.4294,-0.1969,0.1051,-0.2843,-0.1969,0.1051,-0.2843,0.1969,0.1051,-0.4294,0.1969,0,-0.2843,0.1969,-0.0124,1.1216,0.1421,-0.0124,1.1433,0.1421,0,1.1433,0.1421,0,1.1394,-0.2786,0,1.6459,-0.318,-0.0109,1.6384,-0.3147,0,1.1216,0.072,0,1.1433,0.072,-0.0124,1.1433,0.072,-0.0124,1.1216,0.072,-0.0124,1.1433,0.072,-0.0124,1.1433,0.1421,-0.0124,1.1394,-0.2202,-0.0124,1.6359,-0.2092,-0.0109,1.621,0.1167,-0.0124,1.1433,0.072,0,1.1433,0.072,0,1.1394,-0.2786,-0.0124,1.1433,0.1421,-0.0124,1.1433,0.072,-0.0109,1.1166,-0.2879,-0.0109,1.6384,-0.3147,0,1.6459,-0.318,0,2.262,-0.209,-0.0109,1.621,0.1167,-0.0124,1.6359,-0.2092,-0.0123,2.285,-0.0928,-0.0124,1.1394,-0.2202,-0.0109,1.1166,-0.2879,-0.0109,1.6384,-0.3147,0,1.1433,0.1421,-0.0124,1.1433,0.1421,-0.0109,1.621,0.1167,-0.0108,2.2874,-0.1974,0,2.262,-0.209,0,2.5014,-0.1127,-0.0108,2.2704,0.2278,-0.0123,2.285,-0.0928,-0.0117,2.4991,-0.0144,-0.0124,1.6359,-0.2092,-0.0109,1.6384,-0.3147,-0.0108,2.2874,-0.1974,-0.0109,1.621,0.1167,-0.0108,2.2704,0.2278,0,2.2425,0.2757,-0.0102,2.5014,-0.1077,0,2.5014,-0.1127,0,2.6351,0.0161,-0.0102,2.486,0.2695,-0.0117,2.4991,-0.0144,-0.0106,2.6346,0.0882,-0.0123,2.285,-0.0928,-0.0108,2.2874,-0.1974,-0.0102,2.5014,-0.1077,-0.0108,2.2704,0.2278,-0.0102,2.486,0.2695,0,2.4839,0.3164,-0.0093,2.6363,0.0219,0,2.6351,0.0161,0,2.7408,0.138,-0.0093,2.624,0.2938,-0.0106,2.6346,0.0882,-0.0095,2.7442,0.1863,-0.0117,2.4991,-0.0144,-0.0102,2.5014,-0.1077,-0.0093,2.6363,0.0219,0,2.4839,0.3164,-0.0102,2.486,0.2695,-0.0093,2.624,0.2938,-0.0083,2.7429,0.1444,0,2.7408,0.138,0,2.8006,0.2033,-0.0083,2.7517,0.32,-0.0095,2.7442,0.1863,-0.0082,2.8296,0.2362,-0.0106,2.6346,0.0882,-0.0093,2.6363,0.0219,-0.0083,2.7429,0.1444,0,2.621,0.3272,-0.0093,2.624,0.2938,-0.0083,2.7517,0.32,-0.0078,2.8902,0.3311,-0.0082,2.8296,0.2362,0,2.8433,0.2471,-0.0082,2.8296,0.2362,-0.0078,2.8006,0.2033,0,2.8006,0.2033,-0.0095,2.7442,0.1863,-0.0083,2.7429,0.1444,-0.0078,2.8006,0.2033,0,2.7542,0.3404,-0.0083,2.7517,0.32,-0.0078,2.8902,0.3311,0,1.1433,0.1421,0.0124,1.1433,0.1421,0.0124,1.1216,0.1421,0.0109,1.6384,-0.3147,0,1.6459,-0.318,0,1.1394,-0.2786,0.0124,1.1433,0.072,0,1.1433,0.072,0,1.1216,0.072,0.0124,1.1433,0.1421,0.0124,1.1433,0.072,0.0124,1.1216,0.072,0.0109,1.621,0.1167,0.0124,1.6359,-0.2092,0.0124,1.1394,-0.2202,0.0124,1.1433,0.072,0.0109,1.1166,-0.2879,0,1.1394,-0.2786,0.0124,1.1433,0.1421,0.0124,1.1394,-0.2202,0.0109,1.1166,-0.2879,0.0109,1.6384,-0.3147,0.0108,2.2874,-0.1974,0,2.262,-0.209,0.0109,1.621,0.1167,0.0108,2.2704,0.2278,0.0123,2.285,-0.0928,0.0124,1.1394,-0.2202,0.0124,1.6359,-0.2092,0.0109,1.6384,-0.3147,0,1.1433,0.1421,0,1.6261,0.175,0.0109,1.621,0.1167,0.0108,2.2874,-0.1974,0.0102,2.5014,-0.1077,0,2.5014,-0.1127,0.0108,2.2704,0.2278,0.0102,2.486,0.2695,0.0117,2.4991,-0.0144,0.0124,1.6359,-0.2092,0.0123,2.285,-0.0928,0.0108,2.2874,-0.1974,0,2.2425,0.2757,0.0108,2.2704,0.2278,0.0109,1.621,0.1167,0.0102,2.5014,-0.1077,0.0093,2.6363,0.0219,0,2.6351,0.0161,0.0102,2.486,0.2695,0.0093,2.624,0.2938,0.0106,2.6346,0.0882,0.0123,2.285,-0.0928,0.0117,2.4991,-0.0144,0.0102,2.5014,-0.1077,0,2.4839,0.3164,0.0102,2.486,0.2695,0.0108,2.2704,0.2278,0.0093,2.6363,0.0219,0.0083,2.7429,0.1444,0,2.7408,0.138,0.0093,2.624,0.2938,0.0083,2.7517,0.32,0.0095,2.7442,0.1863,0.0117,2.4991,-0.0144,0.0106,2.6346,0.0882,0.0093,2.6363,0.0219,0,2.4839,0.3164,0,2.621,0.3272,0.0093,2.624,0.2938,0.0083,2.7429,0.1444,0.0078,2.8006,0.2033,0,2.8006,0.2033,0.0083,2.7517,0.32,0.0078,2.8902,0.3311,0.0082,2.8296,0.2362,0.0106,2.6346,0.0882,0.0095,2.7442,0.1863,0.0083,2.7429,0.1444,0,2.621,0.3272,0,2.7542,0.3404,0.0083,2.7517,0.32,0,2.8433,0.2471,0.0082,2.8296,0.2362,0.0078,2.8902,0.3311,0,2.8006,0.2033,0.0078,2.8006,0.2033,0.0082,2.8296,0.2362,0.0095,2.7442,0.1863,0.0082,2.8296,0.2362,0.0078,2.8006,0.2033,0,2.7542,0.3404,0,2.8902,0.3311,0.0078,2.8902,0.3311,0,1.1216,0.1421,-0.0124,1.1216,0.1421,0,1.1433,0.1421,-0.0109,1.1166,-0.2879,0,1.1394,-0.2786,-0.0109,1.6384,-0.3147,-0.0124,1.1216,0.072,0,1.1216,0.072,-0.0124,1.1433,0.072,-0.0124,1.1216,0.1421,-0.0124,1.1216,0.072,-0.0124,1.1433,0.1421,-0.0124,1.1433,0.1421,-0.0124,1.1394,-0.2202,-0.0109,1.621,0.1167,-0.0109,1.1166,-0.2879,-0.0124,1.1433,0.072,0,1.1394,-0.2786,-0.0124,1.1394,-0.2202,-0.0124,1.1433,0.1421,-0.0109,1.1166,-0.2879,-0.0108,2.2874,-0.1974,-0.0109,1.6384,-0.3147,0,2.262,-0.209,-0.0108,2.2704,0.2278,-0.0109,1.621,0.1167,-0.0123,2.285,-0.0928,-0.0124,1.6359,-0.2092,-0.0124,1.1394,-0.2202,-0.0109,1.6384,-0.3147,0,1.6261,0.175,0,1.1433,0.1421,-0.0109,1.621,0.1167,-0.0102,2.5014,-0.1077,-0.0108,2.2874,-0.1974,0,2.5014,-0.1127,-0.0102,2.486,0.2695,-0.0108,2.2704,0.2278,-0.0117,2.4991,-0.0144,-0.0123,2.285,-0.0928,-0.0124,1.6359,-0.2092,-0.0108,2.2874,-0.1974,0,1.6261,0.175,-0.0109,1.621,0.1167,0,2.2425,0.2757,-0.0093,2.6363,0.0219,-0.0102,2.5014,-0.1077,0,2.6351,0.0161,-0.0093,2.624,0.2938,-0.0102,2.486,0.2695,-0.0106,2.6346,0.0882,-0.0117,2.4991,-0.0144,-0.0123,2.285,-0.0928,-0.0102,2.5014,-0.1077,0,2.2425,0.2757,-0.0108,2.2704,0.2278,0,2.4839,0.3164,-0.0083,2.7429,0.1444,-0.0093,2.6363,0.0219,0,2.7408,0.138,-0.0083,2.7517,0.32,-0.0093,2.624,0.2938,-0.0095,2.7442,0.1863,-0.0106,2.6346,0.0882,-0.0117,2.4991,-0.0144,-0.0093,2.6363,0.0219,0,2.621,0.3272,0,2.4839,0.3164,-0.0093,2.624,0.2938,-0.0078,2.8006,0.2033,-0.0083,2.7429,0.1444,0,2.8006,0.2033,-0.0078,2.8902,0.3311,-0.0083,2.7517,0.32,-0.0082,2.8296,0.2362,-0.0095,2.7442,0.1863,-0.0106,2.6346,0.0882,-0.0083,2.7429,0.1444,0,2.7542,0.3404,0,2.621,0.3272,-0.0083,2.7517,0.32,0,2.8902,0.3311,-0.0078,2.8902,0.3311,0,2.8433,0.2471,0,2.8433,0.2471,-0.0082,2.8296,0.2362,0,2.8006,0.2033,-0.0082,2.8296,0.2362,-0.0095,2.7442,0.1863,-0.0078,2.8006,0.2033,0,2.8902,0.3311,0,2.7542,0.3404,-0.0078,2.8902,0.3311,0,1.1216,0.1421,0,1.1433,0.1421,0.0124,1.1216,0.1421,0.0109,1.1166,-0.2879,0.0109,1.6384,-0.3147,0,1.1394,-0.2786,0.0124,1.1216,0.072,0.0124,1.1433,0.072,0,1.1216,0.072,0.0124,1.1216,0.1421,0.0124,1.1433,0.1421,0.0124,1.1216,0.072,0.0124,1.1433,0.1421,0.0109,1.621,0.1167,0.0124,1.1394,-0.2202,0,1.1433,0.072,0.0124,1.1433,0.072,0,1.1394,-0.2786,0.0124,1.1433,0.072,0.0124,1.1433,0.1421,0.0109,1.1166,-0.2879,0,1.6459,-0.318,0.0109,1.6384,-0.3147,0,2.262,-0.209,0.0124,1.6359,-0.2092,0.0109,1.621,0.1167,0.0123,2.285,-0.0928,0.0109,1.1166,-0.2879,0.0124,1.1394,-0.2202,0.0109,1.6384,-0.3147,0.0124,1.1433,0.1421,0,1.1433,0.1421,0.0109,1.621,0.1167,0,2.262,-0.209,0.0108,2.2874,-0.1974,0,2.5014,-0.1127,0.0123,2.285,-0.0928,0.0108,2.2704,0.2278,0.0117,2.4991,-0.0144,0.0109,1.6384,-0.3147,0.0124,1.6359,-0.2092,0.0108,2.2874,-0.1974,0,1.6261,0.175,0,2.2425,0.2757,0.0109,1.621,0.1167,0,2.5014,-0.1127,0.0102,2.5014,-0.1077,0,2.6351,0.0161,0.0117,2.4991,-0.0144,0.0102,2.486,0.2695,0.0106,2.6346,0.0882,0.0108,2.2874,-0.1974,0.0123,2.285,-0.0928,0.0102,2.5014,-0.1077,0,2.2425,0.2757,0,2.4839,0.3164,0.0108,2.2704,0.2278,0,2.6351,0.0161,0.0093,2.6363,0.0219,0,2.7408,0.138,0.0106,2.6346,0.0882,0.0093,2.624,0.2938,0.0095,2.7442,0.1863,0.0102,2.5014,-0.1077,0.0117,2.4991,-0.0144,0.0093,2.6363,0.0219,0.0102,2.486,0.2695,0,2.4839,0.3164,0.0093,2.624,0.2938,0,2.7408,0.138,0.0083,2.7429,0.1444,0,2.8006,0.2033,0.0095,2.7442,0.1863,0.0083,2.7517,0.32,0.0082,2.8296,0.2362,0.0093,2.6363,0.0219,0.0106,2.6346,0.0882,0.0083,2.7429,0.1444,0.0093,2.624,0.2938,0,2.621,0.3272,0.0083,2.7517,0.32,0,2.8902,0.3311,0,2.8433,0.2471,0.0078,2.8902,0.3311,0,2.8433,0.2471,0,2.8006,0.2033,0.0082,2.8296,0.2362,0.0083,2.7429,0.1444,0.0095,2.7442,0.1863,0.0078,2.8006,0.2033,0.0083,2.7517,0.32,0,2.7542,0.3404,0.0078,2.8902,0.3311]
,"normals":[-0.6905,-0.3012,-0.6576,-0.68,-0.24,-0.6928,-0.68,-0.24,0.6928,0,-0.2208,-0.9753,-0.6905,-0.3012,-0.6576,-0.7071,0,-0.7071,-0.6905,-0.3012,-0.6576,-0.6905,-0.3012,0.6576,-0.7071,0,0.7071,0,0,1,-0.7071,0,0.7071,-0.6905,-0.3012,0.6576,-0.68,-0.24,0.6928,-0.5958,0.5453,0.5896,0,0.6248,0.7808,-0.6905,-0.3012,0.6576,-0.68,-0.24,0.6928,0,-0.2208,0.9753,-0.6905,-0.3012,-0.6576,0,-0.2208,-0.9753,0,-0.2208,-0.9753,-0.7071,0,0.7071,0,0,1,0,0.1281,0.9917,0,0,-1,-0.7071,0,-0.7071,-0.7053,0.1594,-0.6907,-0.7071,0,-0.7071,-0.7071,0,0.7071,-0.7053,0.1594,0.6907,0,0.6248,0.7808,-0.5958,0.5453,0.5896,-0.3413,0.8527,0.3953,0,-0.2208,-0.9753,0,0.6907,-0.7231,-0.5812,0.5649,-0.5857,-0.68,-0.24,-0.6928,-0.5812,0.5649,-0.5857,-0.5958,0.5453,0.5896,0,0.6907,-0.7231,0,0.6907,-0.7231,-0.3638,0.878,-0.3108,-0.5958,0.5453,0.5896,-0.5812,0.5649,-0.5857,-0.3638,0.878,-0.3108,-0.7053,0.1594,-0.6907,-0.7053,0.1594,0.6907,-0.7021,0.0774,0.7078,-0.7021,0.0774,0.7078,-0.5773,-0.5773,0.5773,-0.5773,-0.5773,-0.5773,-0.7053,0.1594,-0.6907,-0.7021,0.0774,-0.7078,0,0.0642,-0.9979,-0.7053,0.1594,0.6907,0,0.1281,0.9917,0,0.0642,0.9979,0,-0.7071,-0.7071,-0.5773,-0.5773,-0.5773,-0.5773,-0.5773,0.5773,-0.7021,0.0774,-0.7078,-0.5773,-0.5773,-0.5773,0,-0.7071,-0.7071,0,0.0642,0.9979,0,-0.7071,0.7071,-0.5773,-0.5773,0.5773,0.68,-0.24,0.6928,0.68,-0.24,-0.6928,0.6905,-0.3012,-0.6576,0.7071,0,-0.7071,0.6905,-0.3012,-0.6576,0,-0.2208,-0.9753,0.7071,0,0.7071,0.6905,-0.3012,0.6576,0.6905,-0.3012,-0.6576,0.6905,-0.3012,0.6576,0.7071,0,0.7071,0,0,1,0,0.6248,0.7808,0.5958,0.5453,0.5896,0.68,-0.24,0.6928,0,-0.2208,0.9753,0.68,-0.24,0.6928,0.6905,-0.3012,0.6576,0.6905,-0.3012,-0.6576,0.68,-0.24,-0.6928,0,-0.2208,-0.9753,0.7071,0,0.7071,0.7053,0.1594,0.6907,0,0.1281,0.9917,0,0,-1,0,0.1281,-0.9917,0.7053,0.1594,-0.6907,0.7071,0,-0.7071,0.7053,0.1594,-0.6907,0.7053,0.1594,0.6907,0,0.6248,0.7808,0,0.6248,0.7808,0.3413,0.8527,0.3953,0.5812,0.5649,-0.5857,0,0.6907,-0.7231,0,-0.2208,-0.9753,0.5958,0.5453,0.5896,0.5812,0.5649,-0.5857,0.68,-0.24,-0.6928,0.3638,0.878,-0.3108,0,0.6907,-0.7231,0,0.6907,-0.7231,0.5958,0.5453,0.5896,0.3413,0.8527,0.3953,0.3638,0.878,-0.3108,0.7053,0.1594,-0.6907,0.7021,0.0774,-0.7078,0.7021,0.0774,0.7078,0.5773,-0.5773,-0.5773,0.5773,-0.5773,0.5773,0.7021,0.0774,0.7078,0,0.0642,-0.9979,0.7021,0.0774,-0.7078,0.7053,0.1594,-0.6907,0.7053,0.1594,0.6907,0.7021,0.0774,0.7078,0,0.0642,0.9979,0,-0.7071,0.7071,0.5773,-0.5773,0.5773,0.5773,-0.5773,-0.5773,0,-0.7071,-0.7071,0.5773,-0.5773,-0.5773,0.7021,0.0774,-0.7078,0.5773,-0.5773,0.5773,0,-0.7071,0.7071,0,0.0642,0.9979,-0.6905,-0.3012,0.6576,-0.6905,-0.3012,-0.6576,-0.68,-0.24,0.6928,0,0,-1,0,-0.2208,-0.9753,-0.7071,0,-0.7071,-0.7071,0,-0.7071,-0.6905,-0.3012,-0.6576,-0.7071,0,0.7071,0,-0.2208,0.9753,0,0,1,-0.6905,-0.3012,0.6576,0,-0.2208,0.9753,-0.68,-0.24,0.6928,0,0.6248,0.7808,0,-0.2208,0.9753,-0.6905,-0.3012,0.6576,0,-0.2208,0.9753,-0.68,-0.24,-0.6928,-0.6905,-0.3012,-0.6576,0,-0.2208,-0.9753,-0.7053,0.1594,0.6907,-0.7071,0,0.7071,0,0.1281,0.9917,0,0.1281,-0.9917,0,0,-1,-0.7053,0.1594,-0.6907,-0.7053,0.1594,-0.6907,-0.7071,0,-0.7071,-0.7053,0.1594,0.6907,0,0.6248,0.7808,0,0.6248,0.7808,-0.3413,0.8527,0.3953,-0.68,-0.24,-0.6928,0,-0.2208,-0.9753,-0.5812,0.5649,-0.5857,-0.68,-0.24,0.6928,-0.68,-0.24,-0.6928,-0.5958,0.5453,0.5896,-0.5812,0.5649,-0.5857,0,0.6907,-0.7231,-0.3638,0.878,-0.3108,-0.3413,0.8527,0.3953,-0.5958,0.5453,0.5896,-0.3638,0.878,-0.3108,-0.7021,0.0774,-0.7078,-0.7053,0.1594,-0.6907,-0.7021,0.0774,0.7078,-0.7021,0.0774,-0.7078,-0.7021,0.0774,0.7078,-0.5773,-0.5773,-0.5773,0,0.1281,-0.9917,-0.7053,0.1594,-0.6907,0,0.0642,-0.9979,-0.7021,0.0774,0.7078,-0.7053,0.1594,0.6907,0,0.0642,0.9979,0,-0.7071,0.7071,0,-0.7071,-0.7071,-0.5773,-0.5773,0.5773,0,0.0642,-0.9979,-0.7021,0.0774,-0.7078,0,-0.7071,-0.7071,-0.7021,0.0774,0.7078,0,0.0642,0.9979,-0.5773,-0.5773,0.5773,0.6905,-0.3012,0.6576,0.68,-0.24,0.6928,0.6905,-0.3012,-0.6576,0,0,-1,0.7071,0,-0.7071,0,-0.2208,-0.9753,0.7071,0,-0.7071,0.7071,0,0.7071,0.6905,-0.3012,-0.6576,0,-0.2208,0.9753,0.6905,-0.3012,0.6576,0,0,1,0,-0.2208,0.9753,0,0.6248,0.7808,0.68,-0.24,0.6928,0,-0.2208,0.9753,0,-0.2208,0.9753,0.6905,-0.3012,0.6576,0,-0.2208,-0.9753,0.6905,-0.3012,-0.6576,0,-0.2208,-0.9753,0,0,1,0.7071,0,0.7071,0,0.1281,0.9917,0.7071,0,-0.7071,0,0,-1,0.7053,0.1594,-0.6907,0.7071,0,0.7071,0.7071,0,-0.7071,0.7053,0.1594,0.6907,0.5958,0.5453,0.5896,0,0.6248,0.7808,0.3413,0.8527,0.3953,0.68,-0.24,-0.6928,0.5812,0.5649,-0.5857,0,-0.2208,-0.9753,0.68,-0.24,0.6928,0.5958,0.5453,0.5896,0.68,-0.24,-0.6928,0.5812,0.5649,-0.5857,0.3638,0.878,-0.3108,0,0.6907,-0.7231,0.5812,0.5649,-0.5857,0.5958,0.5453,0.5896,0.3638,0.878,-0.3108,0.7053,0.1594,0.6907,0.7053,0.1594,-0.6907,0.7021,0.0774,0.7078,0.7021,0.0774,-0.7078,0.5773,-0.5773,-0.5773,0.7021,0.0774,0.7078,0,0.1281,-0.9917,0,0.0642,-0.9979,0.7053,0.1594,-0.6907,0,0.1281,0.9917,0.7053,0.1594,0.6907,0,0.0642,0.9979,0,-0.7071,-0.7071,0,-0.7071,0.7071,0.5773,-0.5773,-0.5773,0,0.0642,-0.9979,0,-0.7071,-0.7071,0.7021,0.0774,-0.7078,0.7021,0.0774,0.7078,0.5773,-0.5773,0.5773,0,0.0642,0.9979,-0.3413,0.8527,0.3953,-0.7015,0.02,0.7123,0,0.0257,0.9997,0,-0.4851,-0.8744,0,0.0926,-0.9957,-0.7765,0.0018,-0.6301,0,0.6907,-0.7231,0,-0.711,-0.7032,0.5983,-0.5344,-0.597,-0.3638,0.878,-0.3108,0.5983,-0.5344,-0.597,-0.7015,0.02,0.7123,-0.9995,-0.0313,-0.0058,-1,0.0006,-0.0054,-0.9957,-0.0093,0.0924,0.5983,-0.5344,-0.597,0,-0.711,-0.7032,0,-0.4851,-0.8744,-0.7015,0.02,0.7123,0.5983,-0.5344,-0.597,-0.1456,-0.7905,-0.5949,-0.7765,0.0018,-0.6301,0,0.0926,-0.9957,0,0.2056,-0.9786,-0.9957,-0.0093,0.0924,-1,0.0006,-0.0054,-1,0.0033,-0.0055,-0.9995,-0.0313,-0.0058,-0.1456,-0.7905,-0.5949,-0.7765,0.0018,-0.6301,0,0.0257,0.9997,-0.7015,0.02,0.7123,-0.9957,-0.0093,0.0924,-0.7435,0.2344,-0.6263,0,0.2056,-0.9786,0,0.5275,-0.8495,-0.9945,-0.0168,0.1029,-1,0.0033,-0.0055,-0.9999,0.0104,-0.0063,-1,0.0006,-0.0054,-0.7765,0.0018,-0.6301,-0.7435,0.2344,-0.6263,-0.9957,-0.0093,0.0924,-0.9945,-0.0168,0.1029,0,-0.1671,0.9859,-0.7945,0.3496,-0.4966,0,0.5275,-0.8495,0,0.7163,-0.6978,-0.9938,-0.0158,0.1099,-0.9999,0.0104,-0.0063,-0.9998,0.0169,-0.0073,-1,0.0033,-0.0055,-0.7435,0.2344,-0.6263,-0.7945,0.3496,-0.4966,-0.9945,-0.0168,0.1029,-0.9938,-0.0158,0.1099,0,-0.152,0.9884,-0.7943,0.4477,-0.4106,0,0.7163,-0.6978,0,0.7499,-0.6615,-0.991,-0.0144,0.1328,-0.9998,0.0169,-0.0073,-0.9997,0.0215,-0.0104,-0.9999,0.0104,-0.0063,-0.7945,0.3496,-0.4966,-0.7943,0.4477,-0.4106,0,-0.152,0.9884,-0.9938,-0.0158,0.1099,-0.991,-0.0144,0.1328,-0.7968,0.4498,-0.4035,0,0.7499,-0.6615,0,0.7315,-0.6818,-0.9797,-0.0148,0.1996,-0.9997,0.0215,-0.0104,-0.7915,0.4543,-0.4087,-0.9998,0.0169,-0.0073,-0.7943,0.4477,-0.4106,-0.7968,0.4498,-0.4035,0,-0.1228,0.9924,-0.991,-0.0144,0.1328,-0.9797,-0.0148,0.1996,-0.5584,0.7288,0.3964,-0.7915,0.4543,-0.4087,0,0.826,-0.5637,-0.7915,0.4543,-0.4087,-0.6758,0.5378,-0.504,0,0.7315,-0.6818,-0.9997,0.0215,-0.0104,-0.7968,0.4498,-0.4035,-0.6758,0.5378,-0.504,0,-0.0764,0.9971,-0.9797,-0.0148,0.1996,-0.5584,0.7288,0.3964,0,0.0257,0.9997,0.7015,0.02,0.7123,0.3413,0.8527,0.3953,0.7765,0.0018,-0.6301,0,0.0926,-0.9957,0,-0.4851,-0.8744,-0.5983,-0.5344,-0.597,0,-0.711,-0.7032,0,0.6907,-0.7231,0.7015,0.02,0.7123,-0.5983,-0.5344,-0.597,0.3638,0.878,-0.3108,0.9957,-0.0093,0.0924,1,0.0006,-0.0054,0.9995,-0.0313,-0.0058,-0.5983,-0.5344,-0.597,0.1456,-0.7905,-0.5949,0,-0.4851,-0.8744,0.7015,0.02,0.7123,0.9995,-0.0313,-0.0058,0.1456,-0.7905,-0.5949,0.7765,0.0018,-0.6301,0.7435,0.2344,-0.6263,0,0.2056,-0.9786,0.9957,-0.0093,0.0924,0.9945,-0.0168,0.1029,1,0.0033,-0.0055,0.9995,-0.0313,-0.0058,1,0.0006,-0.0054,0.7765,0.0018,-0.6301,0,0.0257,0.9997,0,-0.1209,0.9926,0.9957,-0.0093,0.0924,0.7435,0.2344,-0.6263,0.7945,0.3496,-0.4966,0,0.5275,-0.8495,0.9945,-0.0168,0.1029,0.9938,-0.0158,0.1099,0.9999,0.0104,-0.0063,1,0.0006,-0.0054,1,0.0033,-0.0055,0.7435,0.2344,-0.6263,0,-0.1671,0.9859,0.9945,-0.0168,0.1029,0.9957,-0.0093,0.0924,0.7945,0.3496,-0.4966,0.7943,0.4477,-0.4106,0,0.7163,-0.6978,0.9938,-0.0158,0.1099,0.991,-0.0144,0.1328,0.9998,0.0169,-0.0073,1,0.0033,-0.0055,0.9999,0.0104,-0.0063,0.7945,0.3496,-0.4966,0,-0.152,0.9884,0.9938,-0.0158,0.1099,0.9945,-0.0168,0.1029,0.7943,0.4477,-0.4106,0.7968,0.4498,-0.4035,0,0.7499,-0.6615,0.991,-0.0144,0.1328,0.9797,-0.0148,0.1996,0.9997,0.0215,-0.0104,0.9999,0.0104,-0.0063,0.9998,0.0169,-0.0073,0.7943,0.4477,-0.4106,0,-0.152,0.9884,0,-0.1228,0.9924,0.991,-0.0144,0.1328,0.7968,0.4498,-0.4035,0.6758,0.5378,-0.504,0,0.7315,-0.6818,0.9797,-0.0148,0.1996,0.5584,0.7288,0.3964,0.7915,0.4543,-0.4087,0.9998,0.0169,-0.0073,0.9997,0.0215,-0.0104,0.7968,0.4498,-0.4035,0,-0.1228,0.9924,0,-0.0764,0.9971,0.9797,-0.0148,0.1996,0,0.826,-0.5637,0.7915,0.4543,-0.4087,0.5584,0.7288,0.3964,0,0.7315,-0.6818,0.6758,0.5378,-0.504,0.7915,0.4543,-0.4087,0.9997,0.0215,-0.0104,0.7915,0.4543,-0.4087,0.6758,0.5378,-0.504,0,-0.0764,0.9971,0,0.8789,0.4769,0.5584,0.7288,0.3964,0,0.6248,0.7808,-0.3413,0.8527,0.3953,0,0.0257,0.9997,-0.1456,-0.7905,-0.5949,0,-0.4851,-0.8744,-0.7765,0.0018,-0.6301,-0.3638,0.878,-0.3108,0,0.6907,-0.7231,0.5983,-0.5344,-0.597,-0.3413,0.8527,0.3953,-0.3638,0.878,-0.3108,-0.7015,0.02,0.7123,-0.7015,0.02,0.7123,-0.9995,-0.0313,-0.0058,-0.9957,-0.0093,0.0924,-0.1456,-0.7905,-0.5949,0.5983,-0.5344,-0.597,0,-0.4851,-0.8744,-0.9995,-0.0313,-0.0058,-0.7015,0.02,0.7123,-0.1456,-0.7905,-0.5949,-0.7435,0.2344,-0.6263,-0.7765,0.0018,-0.6301,0,0.2056,-0.9786,-0.9945,-0.0168,0.1029,-0.9957,-0.0093,0.0924,-1,0.0033,-0.0055,-1,0.0006,-0.0054,-0.9995,-0.0313,-0.0058,-0.7765,0.0018,-0.6301,0,-0.1209,0.9926,0,0.0257,0.9997,-0.9957,-0.0093,0.0924,-0.7945,0.3496,-0.4966,-0.7435,0.2344,-0.6263,0,0.5275,-0.8495,-0.9938,-0.0158,0.1099,-0.9945,-0.0168,0.1029,-0.9999,0.0104,-0.0063,-1,0.0033,-0.0055,-1,0.0006,-0.0054,-0.7435,0.2344,-0.6263,0,-0.1209,0.9926,-0.9957,-0.0093,0.0924,0,-0.1671,0.9859,-0.7943,0.4477,-0.4106,-0.7945,0.3496,-0.4966,0,0.7163,-0.6978,-0.991,-0.0144,0.1328,-0.9938,-0.0158,0.1099,-0.9998,0.0169,-0.0073,-0.9999,0.0104,-0.0063,-1,0.0033,-0.0055,-0.7945,0.3496,-0.4966,0,-0.1671,0.9859,-0.9945,-0.0168,0.1029,0,-0.152,0.9884,-0.7968,0.4498,-0.4035,-0.7943,0.4477,-0.4106,0,0.7499,-0.6615,-0.9797,-0.0148,0.1996,-0.991,-0.0144,0.1328,-0.9997,0.0215,-0.0104,-0.9998,0.0169,-0.0073,-0.9999,0.0104,-0.0063,-0.7943,0.4477,-0.4106,0,-0.1228,0.9924,0,-0.152,0.9884,-0.991,-0.0144,0.1328,-0.6758,0.5378,-0.504,-0.7968,0.4498,-0.4035,0,0.7315,-0.6818,-0.5584,0.7288,0.3964,-0.9797,-0.0148,0.1996,-0.7915,0.4543,-0.4087,-0.9997,0.0215,-0.0104,-0.9998,0.0169,-0.0073,-0.7968,0.4498,-0.4035,0,-0.0764,0.9971,0,-0.1228,0.9924,-0.9797,-0.0148,0.1996,0,0.8789,0.4769,-0.5584,0.7288,0.3964,0,0.826,-0.5637,0,0.826,-0.5637,-0.7915,0.4543,-0.4087,0,0.7315,-0.6818,-0.7915,0.4543,-0.4087,-0.9997,0.0215,-0.0104,-0.6758,0.5378,-0.504,0,0.8789,0.4769,0,-0.0764,0.9971,-0.5584,0.7288,0.3964,0,0.6248,0.7808,0,0.0257,0.9997,0.3413,0.8527,0.3953,0.1456,-0.7905,-0.5949,0.7765,0.0018,-0.6301,0,-0.4851,-0.8744,0.3638,0.878,-0.3108,-0.5983,-0.5344,-0.597,0,0.6907,-0.7231,0.3413,0.8527,0.3953,0.7015,0.02,0.7123,0.3638,0.878,-0.3108,0.7015,0.02,0.7123,0.9957,-0.0093,0.0924,0.9995,-0.0313,-0.0058,0,-0.711,-0.7032,-0.5983,-0.5344,-0.597,0,-0.4851,-0.8744,-0.5983,-0.5344,-0.597,0.7015,0.02,0.7123,0.1456,-0.7905,-0.5949,0,0.0926,-0.9957,0.7765,0.0018,-0.6301,0,0.2056,-0.9786,1,0.0006,-0.0054,0.9957,-0.0093,0.0924,1,0.0033,-0.0055,0.1456,-0.7905,-0.5949,0.9995,-0.0313,-0.0058,0.7765,0.0018,-0.6301,0.7015,0.02,0.7123,0,0.0257,0.9997,0.9957,-0.0093,0.0924,0,0.2056,-0.9786,0.7435,0.2344,-0.6263,0,0.5275,-0.8495,1,0.0033,-0.0055,0.9945,-0.0168,0.1029,0.9999,0.0104,-0.0063,0.7765,0.0018,-0.6301,1,0.0006,-0.0054,0.7435,0.2344,-0.6263,0,-0.1209,0.9926,0,-0.1671,0.9859,0.9957,-0.0093,0.0924,0,0.5275,-0.8495,0.7945,0.3496,-0.4966,0,0.7163,-0.6978,0.9999,0.0104,-0.0063,0.9938,-0.0158,0.1099,0.9998,0.0169,-0.0073,0.7435,0.2344,-0.6263,1,0.0033,-0.0055,0.7945,0.3496,-0.4966,0,-0.1671,0.9859,0,-0.152,0.9884,0.9945,-0.0168,0.1029,0,0.7163,-0.6978,0.7943,0.4477,-0.4106,0,0.7499,-0.6615,0.9998,0.0169,-0.0073,0.991,-0.0144,0.1328,0.9997,0.0215,-0.0104,0.7945,0.3496,-0.4966,0.9999,0.0104,-0.0063,0.7943,0.4477,-0.4106,0.9938,-0.0158,0.1099,0,-0.152,0.9884,0.991,-0.0144,0.1328,0,0.7499,-0.6615,0.7968,0.4498,-0.4035,0,0.7315,-0.6818,0.9997,0.0215,-0.0104,0.9797,-0.0148,0.1996,0.7915,0.4543,-0.4087,0.7943,0.4477,-0.4106,0.9998,0.0169,-0.0073,0.7968,0.4498,-0.4035,0.991,-0.0144,0.1328,0,-0.1228,0.9924,0.9797,-0.0148,0.1996,0,0.8789,0.4769,0,0.826,-0.5637,0.5584,0.7288,0.3964,0,0.826,-0.5637,0,0.7315,-0.6818,0.7915,0.4543,-0.4087,0.7968,0.4498,-0.4035,0.9997,0.0215,-0.0104,0.6758,0.5378,-0.504,0.9797,-0.0148,0.1996,0,-0.0764,0.9971,0.5584,0.7288,0.3964]
,"matricesWeights":[1,0,0,0,1,0,0,0,1,0,0,0,1,0,0,0,1,0,0,0,1,0,0,0,1,0,0,0,1,0,0,0,1,0,0,0,1,0,0,0,1,0,0,0,1,0,0,0,1,0,0,0,1,0,0,0,1,0,0,0,1,0,0,0,1,0,0,0,1,0,0,0,1,0,0,0,1,0,0,0,1,0,0,0,1,0,0,0,1,0,0,0,1,0,0,0,1,0,0,0,1,0,0,0,1,0,0,0,1,0,0,0,1,0,0,0,1,0,0,0,1,0,0,0,1,0,0,0,1,0,0,0,1,0,0,0,1,0,0,0,1,0,0,0,1,0,0,0,1,0,0,0,1,0,0,0,1,0,0,0,1,0,0,0,1,0,0,0,1,0,0,0,1,0,0,0,1,0,0,0,1,0,0,0,1,0,0,0,1,0,0,0,1,0,0,0,1,0,0,0,1,0,0,0,1,0,0,0,1,0,0,0,1,0,0,0,1,0,0,0,1,0,0,0,1,0,0,0,1,0,0,0,1,0,0,0,1,0,0,0,1,0,0,0,1,0,0,0,1,0,0,0,1,0,0,0,1,0,0,0,1,0,0,0,1,0,0,0,1,0,0,0,1,0,0,0,1,0,0,0,1,0,0,0,1,0,0,0,1,0,0,0,1,0,0,0,1,0,0,0,1,0,0,0,1,0,0,0,1,0,0,0,1,0,0,0,1,0,0,0,1,0,0,0,1,0,0,0,1,0,0,0,1,0,0,0,1,0,0,0,1,0,0,0,1,0,0,0,1,0,0,0,1,0,0,0,1,0,0,0,1,0,0,0,1,0,0,0,1,0,0,0,1,0,0,0,1,0,0,0,1,0,0,0,1,0,0,0,1,0,0,0,1,0,0,0,1,0,0,0,1,0,0,0,1,0,0,0,1,0,0,0,1,0,0,0,1,0,0,0,1,0,0,0,1,0,0,0,1,0,0,0,1,0,0,0,1,0,0,0,1,0,0,0,1,0,0,0,1,0,0,0,1,0,0,0,1,0,0,0,1,0,0,0,1,0,0,0,1,0,0,0,1,0,0,0,1,0,0,0,1,0,0,0,1,0,0,0,1,0,0,0,1,0,0,0,1,0,0,0,1,0,0,0,1,0,0,0,1,0,0,0,1,0,0,0,1,0,0,0,1,0,0,0,1,0,0,0,1,0,0,0,1,0,0,0,1,0,0,0,1,0,0,0,1,0,0,0,1,0,0,0,1,0,0,0,1,0,0,0,1,0,0,0,1,0,0,0,1,0,0,0,1,0,0,0,1,0,0,0,1,0,0,0,1,0,0,0,1,0,0,0,1,0,0,0,1,0,0,0,1,0,0,0,1,0,0,0,1,0,0,0,1,0,0,0,1,0,0,0,1,0,0,0,1,0,0,0,1,0,0,0,1,0,0,0,1,0,0,0,1,0,0,0,1,0,0,0,1,0,0,0,1,0,0,0,1,0,0,0,1,0,0,0,1,0,0,0,1,0,0,0,1,0,0,0,1,0,0,0,1,0,0,0,1,0,0,0,1,0,0,0,1,0,0,0,1,0,0,0,1,0,0,0,1,0,0,0,1,0,0,0,1,0,0,0,1,0,0,0,1,0,0,0,1,0,0,0,1,0,0,0,1,0,0,0,1,0,0,0,1,0,0,0,1,0,0,0,1,0,0,0,1,0,0,0,1,0,0,0,1,0,0,0,1,0,0,0,1,0,0,0,1,0,0,0,1,0,0,0,1,0,0,0,1,0,0,0,1,0,0,0,1,0,0,0,1,0,0,0,1,0,0,0,1,0,0,0,1,0,0,0,1,0,0,0,1,0,0,0,1,0,0,0,1,0,0,0,1,0,0,0,1,0,0,0,1,0,0,0,1,0,0,0,1,0,0,0,1,0,0,0,1,0,0,0,1,0,0,0,1,0,0,0,1,0,0,0,1,0,0,0,1,0,0,0,1,0,0,0,1,0,0,0,1,0,0,0,1,0,0,0,1,0,0,0,1,0,0,0,1,0,0,0,1,0,0,0,1,0,0,0,1,0,0,0,1,0,0,0,1,0,0,0,1,0,0,0,1,0,0,0,1,0,0,0,1,0,0,0,1,0,0,0,1,0,0,0,1,0,0,0,1,0,0,0,1,0,0,0,1,0,0,0,1,0,0,0,1,0,0,0,1,0,0,0,1,0,0,0,1,0,0,0,1,0,0,0,1,0,0,0,1,0,0,0,1,0,0,0,1,0,0,0,1,0,0,0,1,0,0,0,1,0,0,0,1,0,0,0,1,0,0,0,1,0,0,0,1,0,0,0,1,0,0,0,1,0,0,0,1,0,0,0,1,0,0,0,1,0,0,0,1,0,0,0,1,0,0,0,1,0,0,0,1,0,0,0,1,0,0,0,1,0,0,0,1,0,0,0,1,0,0,0,1,0,0,0,1,0,0,0,1,0,0,0,1,0,0,0,1,0,0,0,1,0,0,0,1,0,0,0,1,0,0,0,1,0,0,0,1,0,0,0,1,0,0,0,1,0,0,0,1,0,0,0,1,0,0,0,1,0,0,0,1,0,0,0,1,0,0,0,1,0,0,0,1,0,0,0,1,0,0,0,1,0,0,0,1,0,0,0,1,0,0,0,1,0,0,0,1,0,0,0,1,0,0,0,1,0,0,0,1,0,0,0,1,0,0,0,1,0,0,0,1,0,0,0,1,0,0,0,1,0,0,0,1,0,0,0,1,0,0,0,1,0,0,0,1,0,0,0,1,0,0,0,1,0,0,0,1,0,0,0,1,0,0,0,1,0,0,0,1,0,0,0,1,0,0,0,1,0,0,0,1,0,0,0,1,0,0,0,1,0,0,0,1,0,0,0,1,0,0,0,1,0,0,0,1,0,0,0,1,0,0,0,1,0,0,0,1,0,0,0,1,0,0,0,1,0,0,0,1,0,0,0,1,0,0,0,1,0,0,0,1,0,0,0,1,0,0,0,1,0,0,0,1,0,0,0,1,0,0,0,1,0,0,0,1,0,0,0,1,0,0,0,1,0,0,0,1,0,0,0,1,0,0,0,1,0,0,0,1,0,0,0,1,0,0,0,1,0,0,0,1,0,0,0,1,0,0,0,1,0,0,0,1,0,0,0,1,0,0,0,1,0,0,0,1,0,0,0,1,0,0,0,1,0,0,0,1,0,0,0,1,0,0,0,1,0,0,0,1,0,0,0,1,0,0,0,1,0,0,0,1,0,0,0,1,0,0,0,1,0,0,0,1,0,0,0,1,0,0,0,1,0,0,0,1,0,0,0,1,0,0,0,1,0,0,0,1,0,0,0,1,0,0,0,1,0,0,0,1,0,0,0,1,0,0,0,1,0,0,0,1,0,0,0,1,0,0,0,1,0,0,0,1,0,0,0,1,0,0,0,1,0,0,0,1,0,0,0,1,0,0,0,1,0,0,0,1,0,0,0,1,0,0,0,1,0,0,0,1,0,0,0,1,0,0,0,1,0,0,0,1,0,0,0,1,0,0,0,1,0,0,0,1,0,0,0,1,0,0,0,1,0,0,0,1,0,0,0,1,0,0,0,1,0,0,0,1,0,0,0,1,0,0,0,1,0,0,0,1,0,0,0,1,0,0,0,1,0,0,0,1,0,0,0,1,0,0,0,1,0,0,0,1,0,0,0,1,0,0,0,1,0,0,0,1,0,0,0,1,0,0,0,1,0,0,0,1,0,0,0,1,0,0,0,1,0,0,0,1,0,0,0,1,0,0,0,1,0,0,0,1,0,0,0,1,0,0,0,1,0,0,0,1,0,0,0,1,0,0,0,1,0,0,0,1,0,0,0,1,0,0,0,1,0,0,0,1,0,0,0,1,0,0,0,1,0,0,0,1,0,0,0,1,0,0,0,1,0,0,0,1,0,0,0,1,0,0,0,1,0,0,0,1,0,0,0,1,0,0,0,1,0,0,0,1,0,0,0,1,0,0,0,1,0,0,0,1,0,0,0,1,0,0,0,1,0,0,0,1,0,0,0,1,0,0,0,1,0,0,0,1,0,0,0,1,0,0,0,1,0,0,0,1,0,0,0,1,0,0,0,1,0,0,0,1,0,0,0,1,0,0,0,1,0,0,0,1,0,0,0,1,0,0,0,1,0,0,0,1,0,0,0,1,0,0,0,1,0,0,0,1,0,0,0,1,0,0,0,1,0,0,0,1,0,0,0,1,0,0,0,1,0,0,0,1,0,0,0,1,0,0,0,1,0,0,0,1,0,0,0,1,0,0,0,1,0,0,0,1,0,0,0,1,0,0,0,1,0,0,0,1,0,0,0,1,0,0,0,1,0,0,0,1,0,0,0,1,0,0,0,1,0,0,0,1,0,0,0,1,0,0,0,1,0,0,0,1,0,0,0,1,0,0,0,1,0,0,0,1,0,0,0,1,0,0,0,1,0,0,0,1,0,0,0,1,0,0,0,1,0,0,0,1,0,0,0,1,0,0,0,1,0,0,0,1,0,0,0,1,0,0,0,1,0,0,0,1,0,0,0,1,0,0,0,1,0,0,0,1,0,0,0,1,0,0,0,1,0,0,0,1,0,0,0,1,0,0,0,1,0,0,0,1,0,0,0,1,0,0,0,1,0,0,0,1,0,0,0,1,0,0,0,1,0,0,0,1,0,0,0,1,0,0,0,1,0,0,0,1,0,0,0,1,0,0,0,1,0,0,0,1,0,0,0,1,0,0,0,1,0,0,0,1,0,0,0,1,0,0,0,1,0,0,0,1,0,0,0,1,0,0,0,1,0,0,0,1,0,0,0,1,0,0,0,1,0,0,0,1,0,0,0,1,0,0,0,1,0,0,0,1,0,0,0,1,0,0,0,1,0,0,0,1,0,0,0,1,0,0,0,1,0,0,0,1,0,0,0,1,0,0,0,1,0,0,0,1,0,0,0,1,0,0,0,1,0,0,0,1,0,0,0,1,0,0,0,1,0,0,0,1,0,0,0,1,0,0,0,1,0,0,0,1,0,0,0,1,0,0,0,1,0,0,0,1,0,0,0,1,0,0,0,1,0,0,0,1,0,0,0,1,0,0,0,1,0,0,0,1,0,0,0,1,0,0,0,1,0,0,0,1,0,0,0,1,0,0,0,1,0,0,0,1,0,0,0,1,0,0,0,1,0,0,0,1,0,0,0,1,0,0,0,1,0,0,0,1,0,0,0,1,0,0,0,1,0,0,0,1,0,0,0,1,0,0,0,1,0,0,0,1,0,0,0,1,0,0,0,1,0,0,0,1,0,0,0,1,0,0,0,1,0,0,0,1,0,0,0,1,0,0,0,1,0,0,0,1,0,0,0,1,0,0,0,1,0,0,0,1,0,0,0,1,0,0,0,1,0,0,0,1,0,0,0,1,0,0,0,1,0,0,0,1,0,0,0,1,0,0,0,1,0,0,0,1,0,0,0,1,0,0,0,1,0,0,0,1,0,0,0,1,0,0,0,1,0,0,0,1,0,0,0,1,0,0,0,1,0,0,0,1,0,0,0,1,0,0,0,1,0,0,0,1,0,0,0,1,0,0,0,1,0,0,0,1,0,0,0,1,0,0,0,1,0,0,0,1,0,0,0,1,0,0,0,1,0,0,0,1,0,0,0,1,0,0,0,1,0,0,0,1,0,0,0,1,0,0,0,1,0,0,0,1,0,0,0,1,0,0,0]
,"matricesIndices":[0,0,0,0,0,0,0,0,0,0,0,0,0,0,0,0,0,0,0,0,0,0,0,0,0,0,0,0,0,0,0,0,0,0,0,0,0,0,0,0,0,0,0,0,0,0,0,0,0,0,0,0,0,0,0,0,0,0,0,0,0,0,0,0,0,0,0,0,0,0,0,0,0,0,0,0,0,0,0,0,0,0,0,0,0,0,0,0,0,0,0,0,0,0,0,0,0,0,0,0,0,0,0,0,0,0,0,0,0,0,0,0,0,0,0,0,0,0,0,0,0,0,0,0,0,0,0,0,0,0,0,0,0,0,0,0,0,0,0,0,0,0,0,0,0,0,0,0,0,0,0,0,0,0,0,0,0,0,0,0,0,0,0,0,0,0,0,0,0,0,0,0,0,0,0,0,0,0,0,0,0,0,0,0,0,0,0,0,0,0,0,0,0,0,0,0,0,0,0,0,0,0,0,0,0,0,0,0,0,0,0,0,0,0,0,0,0,0,0,0,0,0,0,0,0,0,0,0,0,0,0,0,0,0,0,0,0,0,0,0,0,0,0,0,0,0,0,0,0,0,0,0,0,0,0,0,0,0,0,0,0,0,0,0,0,0,0,0,0,0,0,0,0,0,0,0,0,0,0,0,0,0,0,0,0,0,0,0,0,0,0,0,0,0,0,0,0,0,0,0,0,0,0,0,0,0,0,0,0,0,0,0,0,0,0,0,0,0,0,0,0,0,0,0,0,0,0,0,0,0,0,0,0,0,0,0,0,0,0,0,0,0,0,0,0,0,0,0,0,0,0,0,0,0,0,0,0,0,0,0,0,0,0,0,0,0,0,0,0,0,0,0,0,0,0,0,0,0,0,0,0,0,0,0,0,0,0,0,0,0,0,0,0,0,0,0,0,0,0,0,0,0,0,0,0,0,0,0,0,0,0,0,0,0,0,0,0,0,0,0,0,0,0,0,0,0,0,0,0,0,0,0,0,0,0,0,0,0,0,0,0,0,0,0,0,0,0,0,0,0,0,0,0,0,0,0,0,0,0,0,0,0,0,0,0,0,0,0,0,0,0,0,0,0,0,0,0,0,0,0,0,0,0,0,0,0,0,0,0,0,0,0,0,0,0,0,0,0,0,0,0,0,0,0,0,0,0,0,0,0,0,0,0,0,0,0,0,0,0,0,0,0,0,0,0,0,0,0,0,0,0,0,0,0,0,0,0,0,0,0,0,0,0,0,0,0,0,0,0,0,0,0,0,0,0,0,0,0,0,0,0,0,0,0,0,0,0,0,0,0,0,0,0,0,0,0,0,0,0,0,0,0,0,0,0,0,0,0,0,0,0,0,0,0,0,0,0,0,0,0,0,0,0,0,0,0,0,0,0,0,0,0,0,0,0,0,0,0,0,0,0,0,0,0,0,0,0,0,0,0,0,0,0,0,0,0]
